2017-11-29 14:35:27,205 : INFO : loading Dictionary object from /home/adhanindita/tugas-akhir/fnc-id/doc-to-list-try/corpus.dict
2017-11-29 14:35:27,206 : INFO : loaded /home/adhanindita/tugas-akhir/fnc-id/doc-to-list-try/corpus.dict
2017-11-29 14:35:27,207 : INFO : loaded corpus index from /home/adhanindita/tugas-akhir/fnc-id/doc-to-list-try/corpus.mm.index
2017-11-29 14:35:27,207 : INFO : initializing corpus reader from /home/adhanindita/tugas-akhir/fnc-id/doc-to-list-try/corpus.mm
2017-11-29 14:35:27,207 : INFO : accepted corpus with 32 documents, 1929 features, 2634 non-zero entries
Used files generated from first tutorial

2017-11-29 14:35:27,207 : INFO : collecting document frequencies
2017-11-29 14:35:27,207 : INFO : PROGRESS: processing document #0
2017-11-29 14:35:27,213 : INFO : calculating IDF weights for 32 documents and 1928 features (2634 matrix non-zeros)

query:  Sebarkan pesan berantai ini, jika tidak maka nyawa anda akan terancam

tfidf :  [(12, 0.41743908217120296), (122, 0.3360436790359993), (304, 0.41743908217120296), (311, 0.6957318036186716), (485, 0.2334975986291672)] 



tfidf whole corpus: 

[(0, 0.13071258716131495), (1, 0.2614251743226299), (2, 0.13071258716131495), (3, 0.20914013945810392), (4, 0.13071258716131495), (5, 0.10457006972905196), (6, 0.13071258716131495), (7, 0.057321262172874726), (8, 0.13071258716131495), (9, 0.13071258716131495), (10, 0.178555354713458), (11, 0.2614251743226299), (12, 0.07842755229678897), (13, 0.073985284984406), (14, 0.04027433576536764), (15, 0.10457006972905196), (16, 0.13071258716131495), (17, 0.10457006972905196), (18, 0.07001154146426089), (19, 0.07001154146426089), (20, 0.13071258716131495), (21, 0.089277677356729), (22, 0.04784276755214302), (23, 0.063135159924466), (24, 0.10457006972905196), (25, 0.13071258716131495), (26, 0.07842755229678897), (27, 0.13071258716131495), (28, 0.13071258716131495), (29, 0.13071258716131495), (30, 0.13071258716131495), (31, 0.13071258716131495), (32, 0.10457006972905196), (33, 0.13071258716131495), (34, 0.2614251743226299), (35, 0.063135159924466), (36, 0.2614251743226299), (37, 0.07842755229678897), (38, 0.10457006972905196), (39, 0.2614251743226299), (40, 0.13071258716131495), (41, 0.13071258716131495), (42, 0.13071258716131495), (43, 0.10457006972905196), (44, 0.13071258716131495), (45, 0.07001154146426089), (46, 0.13071258716131495), (47, 0.13071258716131495), (48, 0.07842755229678897), (49, 0.13071258716131495), (50, 0.13071258716131495), (51, 0.07001154146426089), (52, 0.13071258716131495), (53, 0.07842755229678897), (54, 0.13071258716131495)]
[(18, 0.05419317730681295), (45, 0.05419317730681295), (51, 0.05419317730681295), (55, 0.10117946647241652), (56, 0.10117946647241652), (57, 0.06910633443206579), (58, 0.05419317730681295), (59, 0.2709658865340648), (60, 0.08094357317793321), (61, 0.10117946647241652), (62, 0.05419317730681295), (63, 0.10117946647241652), (64, 0.32377429271173286), (65, 0.16188714635586643), (66, 0.24283071953379964), (67, 0.24283071953379964), (68, 0.10117946647241652), (69, 0.10117946647241652), (70, 0.10117946647241652), (71, 0.10117946647241652), (72, 0.04887044113758249), (73, 0.20235893294483304), (74, 0.10117946647241652), (75, 0.10117946647241652), (76, 0.06910633443206579), (77, 0.04047178658896661), (78, 0.06070767988344991), (79, 0.05419317730681295), (80, 0.10117946647241652), (81, 0.06070767988344991), (82, 0.06070767988344991), (83, 0.10117946647241652), (84, 0.10117946647241652), (85, 0.10117946647241652), (86, 0.10117946647241652), (87, 0.10117946647241652), (88, 0.10117946647241652), (89, 0.10117946647241652), (90, 0.06910633443206579), (91, 0.20235893294483304), (92, 0.10117946647241652), (93, 0.16188714635586643), (94, 0.10117946647241652), (95, 0.24283071953379964), (96, 0.10117946647241652), (97, 0.10117946647241652), (98, 0.10117946647241652), (99, 0.10117946647241652), (100, 0.10117946647241652), (101, 0.10117946647241652), (102, 0.10117946647241652), (103, 0.06910633443206579), (104, 0.10117946647241652), (105, 0.0887402636598327), (106, 0.10117946647241652), (107, 0.10117946647241652), (108, 0.10117946647241652), (109, 0.10117946647241652), (110, 0.10117946647241652), (111, 0.10117946647241652), (112, 0.10117946647241652), (113, 0.10117946647241652), (114, 0.20235893294483304), (115, 0.06910633443206579), (116, 0.05419317730681295), (117, 0.06070767988344991), (118, 0.10117946647241652), (119, 0.05419317730681295), (120, 0.10117946647241652)]
[(22, 0.10369670998722116), (23, 0.06842108748776723), (35, 0.06842108748776723), (82, 0.08499381998192389), (121, 0.0967523608150752), (122, 0.06842108748776723), (123, 0.0758731871339305), (124, 0.14165636663653983), (125, 0.42496909990961945), (126, 0.14165636663653983), (127, 0.4533003732369274), (128, 0.16998763996384778), (129, 0.0967523608150752), (130, 0.14165636663653983), (131, 0.14165636663653983), (132, 0.16998763996384778), (133, 0.14165636663653983), (134, 0.0967523608150752), (135, 0.14165636663653983), (136, 0.05184835499361058), (137, 0.04754191380662253), (138, 0.11332509330923185), (139, 0.11332509330923185), (140, 0.14165636663653983), (141, 0.14165636663653983), (142, 0.14165636663653983), (143, 0.14165636663653983), (144, 0.0967523608150752), (145, 0.0967523608150752), (146, 0.11332509330923185), (147, 0.0967523608150752), (148, 0.14165636663653983), (149, 0.14165636663653983), (150, 0.0967523608150752), (151, 0.14165636663653983), (152, 0.08499381998192389), (153, 0.0967523608150752), (154, 0.14165636663653983), (155, 0.0967523608150752), (156, 0.11332509330923185), (157, 0.14165636663653983), (158, 0.14165636663653983), (159, 0.14165636663653983), (160, 0.0967523608150752), (161, 0.14165636663653983)]
[(7, 0.047107619090831804), (13, 0.030401202723527237), (35, 0.20754232912672352), (58, 0.11507342658693506), (59, 0.17261013988040258), (76, 0.07336996183983452), (116, 0.23014685317387013), (136, 0.03931802588890084), (162, 0.1074218977907682), (163, 0.08593751823261456), (164, 0.1074218977907682), (165, 0.3222656933723046), (166, 0.2148437955815364), (167, 0.2148437955815364), (168, 0.08593751823261456), (169, 0.17187503646522911), (170, 0.1074218977907682), (171, 0.2148437955815364), (172, 0.08593751823261456), (173, 0.1074218977907682), (174, 0.08593751823261456), (175, 0.1074218977907682), (176, 0.1074218977907682), (177, 0.07336996183983452), (178, 0.1074218977907682), (179, 0.3222656933723046), (180, 0.2148437955815364), (181, 0.07336996183983452), (182, 0.1074218977907682), (183, 0.07336996183983452), (184, 0.1074218977907682), (185, 0.1074218977907682), (186, 0.1074218977907682), (187, 0.1074218977907682), (188, 0.1074218977907682), (189, 0.1074218977907682), (190, 0.08593751823261456), (191, 0.1074218977907682), (192, 0.1074218977907682), (193, 0.1074218977907682), (194, 0.07336996183983452), (195, 0.1074218977907682), (196, 0.1074218977907682), (197, 0.1074218977907682), (198, 0.1074218977907682), (199, 0.1074218977907682), (200, 0.1074218977907682), (201, 0.08593751823261456), (202, 0.04296875911630728), (203, 0.1074218977907682), (204, 0.1074218977907682), (205, 0.08593751823261456), (206, 0.08593751823261456), (207, 0.07336996183983452), (208, 0.07336996183983452), (209, 0.1074218977907682), (210, 0.08593751823261456), (211, 0.06445313867446092), (212, 0.1074218977907682), (213, 0.1074218977907682), (214, 0.0330981558404867)]
[(14, 0.04027098992158866), (22, 0.047838792950870485), (35, 0.06312991488744542), (215, 0.13070172804003394), (216, 0.13070172804003394), (217, 0.3921051841201018), (218, 0.3921051841201018), (219, 0.13070172804003394), (220, 0.13070172804003394), (221, 0.13070172804003394), (222, 0.13070172804003394), (223, 0.13070172804003394), (224, 0.13070172804003394), (225, 0.11463300026621841), (226, 0.10456138243202714), (227, 0.13070172804003394), (228, 0.13070172804003394), (229, 0.10456138243202714), (230, 0.13070172804003394), (231, 0.2614034560800679), (232, 0.13070172804003394), (233, 0.3921051841201018), (234, 0.2614034560800679), (235, 0.13070172804003394), (236, 0.13070172804003394), (237, 0.10456138243202714), (238, 0.13070172804003394), (239, 0.10456138243202714), (240, 0.10456138243202714), (241, 0.10456138243202714), (242, 0.08927026049545221), (243, 0.13070172804003394), (244, 0.13070172804003394), (245, 0.13070172804003394)]
[(14, 0.01897387900112759), (152, 0.03694846505484748), (210, 0.049264620073129976), (211, 0.03694846505484748), (225, 0.027004956680012647), (246, 0.061580775091412465), (247, 0.3079038754570623), (248, 0.07389693010969496), (249, 0.061580775091412465), (250, 0.061580775091412465), (251, 0.061580775091412465), (252, 0.049264620073129976), (253, 0.061580775091412465), (254, 0.061580775091412465), (255, 0.049264620073129976), (256, 0.061580775091412465), (257, 0.061580775091412465), (258, 0.061580775091412465), (259, 0.061580775091412465), (260, 0.061580775091412465), (261, 0.061580775091412465), (262, 0.3941169605850398), (263, 0.14779386021938992), (264, 0.049264620073129976), (265, 0.061580775091412465), (266, 0.061580775091412465), (267, 0.07389693010969496), (268, 0.049264620073129976), (269, 0.5542269758227122), (270, 0.061580775091412465), (271, 0.061580775091412465), (272, 0.061580775091412465), (273, 0.061580775091412465), (274, 0.049264620073129976), (275, 0.061580775091412465), (276, 0.061580775091412465), (277, 0.061580775091412465), (278, 0.1847423252742374), (279, 0.12316155018282493), (280, 0.12316155018282493), (281, 0.061580775091412465), (282, 0.12316155018282493), (283, 0.061580775091412465), (284, 0.1847423252742374), (285, 0.12316155018282493), (286, 0.061580775091412465), (287, 0.061580775091412465), (288, 0.061580775091412465), (289, 0.061580775091412465), (290, 0.061580775091412465), (291, 0.061580775091412465), (292, 0.061580775091412465), (293, 0.12316155018282493), (294, 0.049264620073129976), (295, 0.061580775091412465), (296, 0.12316155018282493), (297, 0.08412026246873207), (298, 0.061580775091412465), (299, 0.061580775091412465), (300, 0.061580775091412465), (301, 0.061580775091412465), (302, 0.042060131234366034), (303, 0.061580775091412465), (304, 0.03694846505484748), (305, 0.061580775091412465), (306, 0.061580775091412465), (307, 0.061580775091412465), (308, 0.061580775091412465), (309, 0.049264620073129976), (310, 0.061580775091412465), (311, 0.12316155018282493), (312, 0.061580775091412465), (313, 0.049264620073129976), (314, 0.061580775091412465), (315, 0.061580775091412465), (316, 0.049264620073129976), (317, 0.061580775091412465), (318, 0.061580775091412465), (319, 0.061580775091412465), (320, 0.061580775091412465), (321, 0.061580775091412465), (322, 0.061580775091412465), (323, 0.061580775091412465), (324, 0.061580775091412465)]
[(18, 0.04214037252765781), (22, 0.02879685270792988), (51, 0.04214037252765781), (57, 0.05373677687324031), (59, 0.04214037252765781), (60, 0.06294136083084059), (62, 0.04214037252765781), (77, 0.031470680415420296), (82, 0.047206020623130444), (105, 0.06900403251236947), (117, 0.09441204124626089), (119, 0.04214037252765781), (128, 0.14161806186939133), (132, 0.047206020623130444), (136, 0.02879685270792988), (137, 0.05281006463989532), (183, 0.05373677687324031), (202, 0.031470680415420296), (248, 0.047206020623130444), (325, 0.07867670103855075), (326, 0.07867670103855075), (327, 0.07867670103855075), (328, 0.07867670103855075), (329, 0.06294136083084059), (330, 0.07867670103855075), (331, 0.07867670103855075), (332, 0.4298942149859225), (333, 0.07867670103855075), (334, 0.07867670103855075), (335, 0.1573534020771015), (336, 0.07600287333106033), (337, 0.07867670103855075), (338, 0.07867670103855075), (339, 0.07867670103855075), (340, 0.07867670103855075), (341, 0.1573534020771015), (342, 0.07867670103855075), (343, 0.07867670103855075), (344, 0.06294136083084059), (345, 0.07867670103855075), (346, 0.07867670103855075), (347, 0.02640503231994766), (348, 0.1573534020771015), (349, 0.04214037252765781), (350, 0.1573534020771015), (351, 0.07867670103855075), (352, 0.07867670103855075), (353, 0.07867670103855075), (354, 0.07867670103855075), (355, 0.06294136083084059), (356, 0.07867670103855075), (357, 0.07867670103855075), (358, 0.07867670103855075), (359, 0.07867670103855075), (360, 0.07867670103855075), (361, 0.07867670103855075), (362, 0.07867670103855075), (363, 0.07867670103855075), (364, 0.07867670103855075), (365, 0.07867670103855075), (366, 0.07867670103855075), (367, 0.07867670103855075), (368, 0.07867670103855075), (369, 0.23603010311565223), (370, 0.07867670103855075), (371, 0.07867670103855075), (372, 0.07867670103855075), (373, 0.07867670103855075), (374, 0.06294136083084059), (375, 0.07867670103855075), (376, 0.07867670103855075), (377, 0.07867670103855075), (378, 0.07867670103855075), (379, 0.1573534020771015), (380, 0.12588272166168119), (381, 0.07867670103855075), (382, 0.047206020623130444), (383, 0.07867670103855075), (384, 0.07867670103855075), (385, 0.07867670103855075), (386, 0.07867670103855075), (387, 0.07867670103855075), (388, 0.07867670103855075), (389, 0.07867670103855075), (390, 0.07867670103855075), (391, 0.07867670103855075), (392, 0.07867670103855075), (393, 0.07867670103855075), (394, 0.06294136083084059), (395, 0.07867670103855075), (396, 0.1573534020771015), (397, 0.1573534020771015), (398, 0.07867670103855075), (399, 0.07867670103855075), (400, 0.07867670103855075), (401, 0.07867670103855075), (402, 0.047206020623130444), (403, 0.07867670103855075), (404, 0.06294136083084059), (405, 0.07867670103855075), (406, 0.07867670103855075), (407, 0.07867670103855075), (408, 0.07867670103855075), (409, 0.07867670103855075), (410, 0.07867670103855075), (411, 0.07867670103855075), (412, 0.07867670103855075), (413, 0.12588272166168119), (414, 0.07867670103855075), (415, 0.07867670103855075), (416, 0.06294136083084059), (417, 0.07867670103855075), (418, 0.07867670103855075), (419, 0.05373677687324031), (420, 0.07867670103855075)]
[(13, 0.030023676704846146), (14, 0.0326871387135072), (65, 0.0848703351540785), (115, 0.0724588442818854), (214, 0.0326871387135072), (225, 0.09304526131945585), (229, 0.169740670308157), (241, 0.0848703351540785), (267, 0.06365275136555888), (294, 0.0848703351540785), (313, 0.0848703351540785), (394, 0.0848703351540785), (421, 0.10608791894259813), (422, 0.10608791894259813), (423, 0.10608791894259813), (424, 0.0848703351540785), (425, 0.3182637568277944), (426, 0.10608791894259813), (427, 0.0848703351540785), (428, 0.10608791894259813), (429, 0.10608791894259813), (430, 0.10608791894259813), (431, 0.10608791894259813), (432, 0.10608791894259813), (433, 0.10608791894259813), (434, 0.21217583788519626), (435, 0.10608791894259813), (436, 0.10608791894259813), (437, 0.10608791894259813), (438, 0.10608791894259813), (439, 0.21217583788519626), (440, 0.10608791894259813), (441, 0.10608791894259813), (442, 0.06365275136555888), (443, 0.10608791894259813), (444, 0.10608791894259813), (445, 0.10608791894259813), (446, 0.10608791894259813), (447, 0.10608791894259813), (448, 0.10608791894259813), (449, 0.10608791894259813), (450, 0.10608791894259813), (451, 0.10608791894259813), (452, 0.10608791894259813), (453, 0.21217583788519626), (454, 0.21217583788519626), (455, 0.169740670308157), (456, 0.10608791894259813), (457, 0.0848703351540785), (458, 0.10608791894259813), (459, 0.10608791894259813), (460, 0.10608791894259813), (461, 0.10608791894259813), (462, 0.10608791894259813), (463, 0.10608791894259813), (464, 0.10608791894259813), (465, 0.0848703351540785), (466, 0.10608791894259813), (467, 0.10608791894259813), (468, 0.10608791894259813), (469, 0.10608791894259813), (470, 0.10608791894259813), (471, 0.0848703351540785), (472, 0.0848703351540785), (473, 0.10608791894259813), (474, 0.10608791894259813), (475, 0.10608791894259813), (476, 0.10608791894259813), (477, 0.10608791894259813), (478, 0.10608791894259813), (479, 0.10608791894259813), (480, 0.0724588442818854), (481, 0.10608791894259813), (482, 0.10608791894259813), (483, 0.10608791894259813)]
[(7, 0.058075446681027244), (13, 0.11243808083815411), (18, 0.07093269389466236), (78, 0.07945943545344684), (82, 0.1589188709068937), (105, 0.058075446681027244), (122, 0.127931677527734), (123, 0.07093269389466236), (146, 0.10594591393792913), (225, 0.058075446681027244), (248, 0.07945943545344684), (484, 0.09045231724834928), (485, 0.1333386462305402), (486, 0.07945943545344684), (487, 0.13243239242241142), (488, 0.09045231724834928), (489, 0.26486478484482284), (490, 0.26486478484482284), (491, 0.26486478484482284), (492, 0.13243239242241142), (493, 0.26486478484482284), (494, 0.13243239242241142), (495, 0.13243239242241142), (496, 0.13243239242241142), (497, 0.26486478484482284), (498, 0.26486478484482284), (499, 0.09045231724834928), (500, 0.13243239242241142), (501, 0.07945943545344684), (502, 0.13243239242241142), (503, 0.13243239242241142), (504, 0.13243239242241142), (505, 0.13243239242241142), (506, 0.13243239242241142), (507, 0.13243239242241142), (508, 0.13243239242241142), (509, 0.13243239242241142), (510, 0.13243239242241142), (511, 0.13243239242241142), (512, 0.13243239242241142), (513, 0.13243239242241142), (514, 0.10594591393792913), (515, 0.13243239242241142), (516, 0.13243239242241142), (517, 0.13243239242241142), (518, 0.13243239242241142), (519, 0.10594591393792913), (520, 0.13243239242241142)]
[(12, 0.07446512920703396), (13, 0.03512365007219911), (14, 0.03823954119014828), (26, 0.07446512920703396), (45, 0.06647432347998006), (77, 0.049643419471355976), (79, 0.06647432347998006), (163, 0.09928683894271195), (168, 0.09928683894271195), (304, 0.07446512920703396), (316, 0.09928683894271195), (485, 0.12495784123290621), (486, 0.07446512920703396), (521, 0.12410854867838994), (522, 0.12410854867838994), (523, 0.12410854867838994), (524, 0.12410854867838994), (525, 0.1985736778854239), (526, 0.6205427433919497), (527, 0.12410854867838994), (528, 0.07446512920703396), (529, 0.0599453598078771), (530, 0.12410854867838994), (531, 0.09928683894271195), (532, 0.12410854867838994), (533, 0.12410854867838994), (534, 0.06647432347998006), (535, 0.12410854867838994), (536, 0.12410854867838994), (537, 0.09928683894271195), (538, 0.12410854867838994), (539, 0.12410854867838994), (540, 0.24821709735677988), (541, 0.12410854867838994), (542, 0.12410854867838994), (543, 0.12410854867838994), (544, 0.09928683894271195), (545, 0.12410854867838994), (546, 0.09928683894271195), (547, 0.12410854867838994), (548, 0.12410854867838994), (549, 0.24821709735677988), (550, 0.12410854867838994), (551, 0.09928683894271195), (552, 0.12410854867838994)]
[(3, 0.0688803823974177), (13, 0.04873416202850621), (78, 0.051660286798063275), (137, 0.028896558628630428), (139, 0.0688803823974177), (147, 0.058807272212961954), (172, 0.1377607647948354), (465, 0.0688803823974177), (486, 0.051660286798063275), (546, 0.0688803823974177), (553, 0.08610047799677212), (554, 0.08610047799677212), (555, 0.08610047799677212), (556, 0.0688803823974177), (557, 0.30996172078837964), (558, 0.17220095599354424), (559, 0.2755215295896708), (560, 0.34440191198708847), (561, 0.08610047799677212), (562, 0.17220095599354424), (563, 0.17220095599354424), (564, 0.17220095599354424), (565, 0.08610047799677212), (566, 0.17220095599354424), (567, 0.11761454442592391), (568, 0.08610047799677212), (569, 0.051660286798063275), (570, 0.08610047799677212), (571, 0.08610047799677212), (572, 0.08610047799677212), (573, 0.08610047799677212), (574, 0.08610047799677212), (575, 0.08610047799677212), (576, 0.08610047799677212), (577, 0.08610047799677212), (578, 0.08610047799677212), (579, 0.08610047799677212), (580, 0.08610047799677212), (581, 0.0688803823974177), (582, 0.08610047799677212), (583, 0.0688803823974177), (584, 0.08610047799677212), (585, 0.08610047799677212), (586, 0.08610047799677212), (587, 0.08610047799677212), (588, 0.058807272212961954), (589, 0.08610047799677212), (590, 0.0688803823974177), (591, 0.0688803823974177), (592, 0.08610047799677212), (593, 0.08610047799677212), (594, 0.0688803823974177), (595, 0.08610047799677212), (596, 0.08610047799677212), (597, 0.08610047799677212), (598, 0.08610047799677212), (599, 0.08610047799677212), (600, 0.2066411471922531), (601, 0.08610047799677212), (602, 0.08610047799677212), (603, 0.08610047799677212), (604, 0.08610047799677212), (605, 0.08610047799677212), (606, 0.08610047799677212), (607, 0.051660286798063275), (608, 0.08610047799677212), (609, 0.08610047799677212), (610, 0.08610047799677212), (611, 0.08610047799677212), (612, 0.08610047799677212), (613, 0.08610047799677212), (614, 0.08610047799677212), (615, 0.08610047799677212), (616, 0.0688803823974177), (617, 0.041587176613607536), (618, 0.0688803823974177), (619, 0.0922333084559697), (620, 0.08610047799677212), (621, 0.08610047799677212), (622, 0.08610047799677212), (623, 0.08610047799677212), (624, 0.08610047799677212), (625, 0.08610047799677212), (626, 0.0688803823974177), (627, 0.08610047799677212), (628, 0.08610047799677212), (629, 0.08610047799677212)]
[(7, 0.038756612482703325), (12, 0.05302720381778294), (13, 0.05002365458937675), (21, 0.12072659301308734), (22, 0.06469583996689822), (35, 0.2134378095030801), (45, 0.04733688825036203), (62, 0.04733688825036203), (123, 0.04733688825036203), (144, 0.06036329650654367), (190, 0.07070293842371059), (214, 0.027230677851250665), (226, 0.07070293842371059), (240, 0.14140587684742117), (248, 0.15908161145334881), (485, 0.029661153644434383), (488, 0.06036329650654367), (525, 0.07070293842371059), (529, 0.042687561900616025), (583, 0.07070293842371059), (617, 0.042687561900616025), (619, 0.04733688825036203), (630, 0.08837867302963823), (631, 0.08837867302963823), (632, 0.08837867302963823), (633, 0.17675734605927645), (634, 0.2651360190889147), (635, 0.2651360190889147), (636, 0.17675734605927645), (637, 0.17675734605927645), (638, 0.17675734605927645), (639, 0.08837867302963823), (640, 0.17675734605927645), (641, 0.08837867302963823), (642, 0.08837867302963823), (643, 0.08837867302963823), (644, 0.06036329650654367), (645, 0.08837867302963823), (646, 0.08837867302963823), (647, 0.06036329650654367), (648, 0.14140587684742117), (649, 0.3535146921185529), (650, 0.17675734605927645), (651, 0.08837867302963823), (652, 0.07070293842371059), (653, 0.08837867302963823), (654, 0.08837867302963823), (655, 0.08837867302963823), (656, 0.08837867302963823), (657, 0.08837867302963823), (658, 0.07070293842371059), (659, 0.08837867302963823), (660, 0.08837867302963823), (661, 0.08837867302963823), (662, 0.04733688825036203), (663, 0.08837867302963823), (664, 0.08837867302963823), (665, 0.08837867302963823), (666, 0.08837867302963823), (667, 0.07070293842371059), (668, 0.06036329650654367), (669, 0.08837867302963823), (670, 0.08837867302963823), (671, 0.08837867302963823), (672, 0.08837867302963823), (673, 0.08837867302963823), (674, 0.08837867302963823), (675, 0.08837867302963823), (676, 0.17675734605927645), (677, 0.08837867302963823), (678, 0.08837867302963823), (679, 0.08837867302963823), (680, 0.08837867302963823), (681, 0.08837867302963823), (682, 0.08837867302963823), (683, 0.07070293842371059), (684, 0.08837867302963823), (685, 0.08837867302963823), (686, 0.08837867302963823), (687, 0.08837867302963823)]
[(7, 0.05102153983503249), (13, 0.06585415292590005), (19, 0.06231713183421815), (21, 0.15893176105919943), (22, 0.04258475089257522), (23, 0.056196478496274876), (35, 0.056196478496274876), (48, 0.3490410304998726), (58, 0.06231713183421815), (127, 0.09307760813329938), (132, 0.06980820609997453), (136, 0.04258475089257522), (169, 0.18615521626659876), (304, 0.06980820609997453), (442, 0.06980820609997453), (529, 0.056196478496274876), (537, 0.09307760813329938), (619, 0.06231713183421815), (652, 0.09307760813329938), (658, 0.18615521626659876), (688, 0.11634701016662422), (689, 0.11634701016662422), (690, 0.3723104325331975), (691, 0.09307760813329938), (692, 0.23269402033324843), (693, 0.11634701016662422), (694, 0.07946588052959971), (695, 0.11634701016662422), (696, 0.09307760813329938), (697, 0.11634701016662422), (698, 0.11634701016662422), (699, 0.11634701016662422), (700, 0.11634701016662422), (701, 0.11634701016662422), (702, 0.11634701016662422), (703, 0.11634701016662422), (704, 0.11634701016662422), (705, 0.11634701016662422), (706, 0.23269402033324843), (707, 0.11634701016662422), (708, 0.11634701016662422), (709, 0.09307760813329938), (710, 0.11634701016662422), (711, 0.11634701016662422), (712, 0.11634701016662422), (713, 0.09307760813329938), (714, 0.11634701016662422), (715, 0.11634701016662422), (716, 0.11634701016662422), (717, 0.09307760813329938), (718, 0.11634701016662422), (719, 0.11634701016662422), (720, 0.11634701016662422), (721, 0.11634701016662422), (722, 0.11634701016662422), (723, 0.11634701016662422), (724, 0.11634701016662422), (725, 0.11634701016662422), (726, 0.09307760813329938), (727, 0.11634701016662422)]
[(14, 0.037337357671578336), (77, 0.048472184842001935), (79, 0.06490599820239602), (122, 0.11706214406541024), (137, 0.04066990578139506), (181, 0.08276716445370609), (274, 0.09694436968400387), (304, 0.0727082772630029), (309, 0.09694436968400387), (419, 0.08276716445370609), (455, 0.09694436968400387), (472, 0.09694436968400387), (485, 0.08133981156279012), (528, 0.0727082772630029), (662, 0.06490599820239602), (728, 0.09694436968400387), (729, 0.19388873936800774), (730, 0.24236092421000968), (731, 0.19388873936800774), (732, 0.12118046210500484), (733, 0.12118046210500484), (734, 0.12118046210500484), (735, 0.24236092421000968), (736, 0.12118046210500484), (737, 0.12118046210500484), (738, 0.09694436968400387), (739, 0.24236092421000968), (740, 0.12118046210500484), (741, 0.12118046210500484), (742, 0.2181248317890087), (743, 0.09694436968400387), (744, 0.0727082772630029), (745, 0.24236092421000968), (746, 0.12118046210500484), (747, 0.12118046210500484), (748, 0.09694436968400387), (749, 0.12118046210500484), (750, 0.12118046210500484), (751, 0.12118046210500484), (752, 0.12118046210500484), (753, 0.12118046210500484), (754, 0.12118046210500484), (755, 0.09694436968400387), (756, 0.12118046210500484), (757, 0.12118046210500484), (758, 0.12118046210500484), (759, 0.12118046210500484), (760, 0.12118046210500484), (761, 0.12118046210500484), (762, 0.12118046210500484), (763, 0.12118046210500484), (764, 0.12118046210500484), (765, 0.12118046210500484), (766, 0.12118046210500484), (767, 0.12118046210500484), (768, 0.12118046210500484), (769, 0.12118046210500484), (770, 0.09694436968400387), (771, 0.12118046210500484), (772, 0.12118046210500484), (773, 0.12118046210500484), (774, 0.12118046210500484)]
[(13, 0.02444120022490539), (14, 0.02660942928242805), (22, 0.03160992517098493), (23, 0.04171367550373125), (48, 0.05181742583647757), (59, 0.046256930775976104), (121, 0.058986150782557104), (122, 0.04171367550373125), (136, 0.03160992517098493), (194, 0.058986150782557104), (263, 0.06908990111530343), (424, 0.06908990111530343), (567, 0.058986150782557104), (581, 0.06908990111530343), (729, 0.20726970334591027), (742, 0.10363485167295514), (744, 0.10363485167295514), (775, 0.25908712918238785), (776, 0.604536634758905), (777, 0.17272475278825858), (778, 0.17272475278825858), (779, 0.17272475278825858), (780, 0.08636237639412929), (781, 0.06908990111530343), (782, 0.08636237639412929), (783, 0.08636237639412929), (784, 0.08636237639412929), (785, 0.17272475278825858), (786, 0.08636237639412929), (787, 0.08636237639412929), (788, 0.08636237639412929), (789, 0.08636237639412929), (790, 0.08636237639412929), (791, 0.08636237639412929), (792, 0.08636237639412929), (793, 0.08636237639412929), (794, 0.08636237639412929), (795, 0.08636237639412929), (796, 0.08636237639412929), (797, 0.08636237639412929), (798, 0.08636237639412929), (799, 0.08636237639412929), (800, 0.08636237639412929), (801, 0.08636237639412929), (802, 0.08636237639412929), (803, 0.08636237639412929), (804, 0.08636237639412929), (805, 0.06908990111530343), (806, 0.08636237639412929), (807, 0.08636237639412929), (808, 0.17272475278825858), (809, 0.08636237639412929), (810, 0.06908990111530343), (811, 0.08636237639412929), (812, 0.08636237639412929), (813, 0.08636237639412929), (814, 0.08636237639412929), (815, 0.08636237639412929), (816, 0.08636237639412929), (817, 0.08636237639412929), (818, 0.08636237639412929), (819, 0.08636237639412929), (820, 0.08636237639412929), (821, 0.08636237639412929), (822, 0.06908990111530343), (823, 0.08636237639412929), (824, 0.08636237639412929), (825, 0.08636237639412929)]
[(14, 0.04239581029215447), (122, 0.19938252577395876), (145, 0.37592172788059447), (152, 0.04127938506824356), (177, 0.04699021598507431), (201, 0.055039180090991416), (202, 0.08255877013648712), (211, 0.04127938506824356), (267, 0.04127938506824356), (332, 0.04699021598507431), (336, 0.03323042096232646), (485, 0.16162947813447318), (519, 0.055039180090991416), (528, 0.04127938506824356), (556, 0.055039180090991416), (617, 0.03323042096232646), (668, 0.09398043197014862), (691, 0.055039180090991416), (826, 0.06879897511373927), (827, 0.20639692534121779), (828, 0.34399487556869635), (829, 0.06879897511373927), (830, 0.13759795022747853), (831, 0.20639692534121779), (832, 0.04127938506824356), (833, 0.06879897511373927), (834, 0.06879897511373927), (835, 0.06879897511373927), (836, 0.06879897511373927), (837, 0.14097064795522293), (838, 0.48159282579617485), (839, 0.06879897511373927), (840, 0.06879897511373927), (841, 0.06879897511373927), (842, 0.06879897511373927), (843, 0.06879897511373927), (844, 0.06879897511373927), (845, 0.06879897511373927), (846, 0.06879897511373927), (847, 0.06879897511373927), (848, 0.06879897511373927), (849, 0.06879897511373927), (850, 0.06879897511373927), (851, 0.04699021598507431), (852, 0.06879897511373927), (853, 0.06879897511373927), (854, 0.06879897511373927), (855, 0.06879897511373927), (856, 0.06879897511373927), (857, 0.06879897511373927), (858, 0.06879897511373927), (859, 0.14097064795522293), (860, 0.13759795022747853), (861, 0.13759795022747853), (862, 0.06879897511373927), (863, 0.06879897511373927), (864, 0.11007836018198283), (865, 0.027519590045495708), (866, 0.06879897511373927), (867, 0.04699021598507431), (868, 0.06879897511373927), (869, 0.06879897511373927), (870, 0.06879897511373927), (871, 0.06879897511373927), (872, 0.06879897511373927), (873, 0.06879897511373927), (874, 0.06879897511373927), (875, 0.06879897511373927), (876, 0.06879897511373927), (877, 0.06879897511373927), (878, 0.06879897511373927), (879, 0.06879897511373927), (880, 0.06879897511373927), (881, 0.06879897511373927)]
[(37, 0.07351487515293484), (51, 0.06562604058497931), (66, 0.29405950061173936), (72, 0.05918039341638005), (155, 0.08368535180069167), (181, 0.08368535180069167), (211, 0.07351487515293484), (480, 0.08368535180069167), (499, 0.16737070360138334), (567, 0.08368535180069167), (662, 0.06562604058497931), (694, 0.08368535180069167), (805, 0.09801983353724644), (865, 0.04900991676862322), (882, 0.12252479192155806), (883, 0.12252479192155806), (884, 0.12252479192155806), (885, 0.12252479192155806), (886, 0.12252479192155806), (887, 0.12252479192155806), (888, 0.12252479192155806), (889, 0.24504958384311612), (890, 0.12252479192155806), (891, 0.24504958384311612), (892, 0.12252479192155806), (893, 0.12252479192155806), (894, 0.08368535180069167), (895, 0.06562604058497931), (896, 0.08368535180069167), (897, 0.12252479192155806), (898, 0.12252479192155806), (899, 0.12252479192155806), (900, 0.08368535180069167), (901, 0.12252479192155806), (902, 0.12252479192155806), (903, 0.12252479192155806), (904, 0.12252479192155806), (905, 0.12252479192155806), (906, 0.12252479192155806), (907, 0.12252479192155806), (908, 0.12252479192155806), (909, 0.12252479192155806), (910, 0.12252479192155806), (911, 0.12252479192155806), (912, 0.12252479192155806), (913, 0.12252479192155806), (914, 0.12252479192155806), (915, 0.12252479192155806), (916, 0.12252479192155806), (917, 0.12252479192155806), (918, 0.12252479192155806), (919, 0.12252479192155806), (920, 0.12252479192155806), (921, 0.12252479192155806), (922, 0.12252479192155806), (923, 0.12252479192155806), (924, 0.12252479192155806), (925, 0.12252479192155806), (926, 0.12252479192155806), (927, 0.12252479192155806), (928, 0.12252479192155806), (929, 0.12252479192155806), (930, 0.12252479192155806), (931, 0.09801983353724644), (932, 0.12252479192155806)]
[(13, 0.10324021599860363), (116, 0.09769519256010094), (122, 0.0880997829376758), (136, 0.06676054106022968), (205, 0.1459186997534959), (255, 0.1459186997534959), (297, 0.12457945787604977), (402, 0.10943902481512192), (484, 0.12457945787604977), (485, 0.12243103524345393), (488, 0.12457945787604977), (529, 0.0880997829376758), (569, 0.10943902481512192), (933, 0.18239837469186987), (934, 0.18239837469186987), (935, 0.18239837469186987), (936, 0.18239837469186987), (937, 0.18239837469186987), (938, 0.18239837469186987), (939, 0.18239837469186987), (940, 0.18239837469186987), (941, 0.18239837469186987), (942, 0.18239837469186987), (943, 0.18239837469186987), (944, 0.18239837469186987), (945, 0.18239837469186987), (946, 0.18239837469186987), (947, 0.18239837469186987), (948, 0.18239837469186987), (949, 0.18239837469186987), (950, 0.18239837469186987), (951, 0.18239837469186987), (952, 0.18239837469186987), (953, 0.18239837469186987), (954, 0.18239837469186987), (955, 0.18239837469186987), (956, 0.18239837469186987), (957, 0.18239837469186987)]
[(7, 0.039678108893010364), (32, 0.072384006499118), (77, 0.036192003249559), (78, 0.0542880048743385), (105, 0.039678108893010364), (119, 0.048462393546194624), (136, 0.03311704014736826), (137, 0.09109917576424537), (202, 0.072384006499118), (336, 0.04370252251085338), (344, 0.072384006499118), (347, 0.030366391921415124), (471, 0.072384006499118), (485, 0.09109917576424537), (499, 0.06179852413563288), (837, 0.06179852413563288), (958, 0.072384006499118), (959, 0.36192003249559), (960, 0.18539557240689863), (961, 0.217152019497354), (962, 0.36192003249559), (963, 0.0904800081238975), (964, 0.0904800081238975), (965, 0.0904800081238975), (966, 0.0904800081238975), (967, 0.072384006499118), (968, 0.0904800081238975), (969, 0.0904800081238975), (970, 0.0904800081238975), (971, 0.180960016247795), (972, 0.0904800081238975), (973, 0.0904800081238975), (974, 0.180960016247795), (975, 0.180960016247795), (976, 0.180960016247795), (977, 0.180960016247795), (978, 0.180960016247795), (979, 0.180960016247795), (980, 0.0904800081238975), (981, 0.0904800081238975), (982, 0.0904800081238975), (983, 0.180960016247795), (984, 0.180960016247795), (985, 0.072384006499118), (986, 0.0904800081238975), (987, 0.0904800081238975), (988, 0.0904800081238975), (989, 0.0904800081238975), (990, 0.0904800081238975), (991, 0.0904800081238975), (992, 0.072384006499118), (993, 0.180960016247795), (994, 0.0904800081238975), (995, 0.0904800081238975), (996, 0.0904800081238975), (997, 0.0904800081238975), (998, 0.0904800081238975), (999, 0.0904800081238975), (1000, 0.0904800081238975), (1001, 0.108576009748677), (1002, 0.0904800081238975), (1003, 0.0904800081238975), (1004, 0.0904800081238975), (1005, 0.0904800081238975)]
[(14, 0.0239873231417776), (26, 0.046711311419801546), (72, 0.037603189573104275), (77, 0.062281748559735395), (79, 0.04169875025477921), (81, 0.046711311419801546), (90, 0.05317362671303812), (103, 0.05317362671303812), (105, 0.06828088471257486), (202, 0.031140874279867697), (207, 0.15952088013911436), (208, 0.10634725342607625), (214, 0.0239873231417776), (242, 0.05317362671303812), (349, 0.04169875025477921), (382, 0.046711311419801546), (402, 0.046711311419801546), (529, 0.037603189573104275), (534, 0.04169875025477921), (557, 0.046711311419801546), (569, 0.046711311419801546), (607, 0.046711311419801546), (617, 0.037603189573104275), (832, 0.046711311419801546), (851, 0.10634725342607625), (859, 0.05317362671303812), (865, 0.09342262283960309), (867, 0.15952088013911436), (894, 0.05317362671303812), (895, 0.04169875025477921), (896, 0.15952088013911436), (900, 0.05317362671303812), (958, 0.062281748559735395), (992, 0.062281748559735395), (1001, 0.09342262283960309), (1006, 0.07785218569966924), (1007, 0.07785218569966924), (1008, 0.18684524567920618), (1009, 0.1557043713993385), (1010, 0.12456349711947079), (1011, 0.07785218569966924), (1012, 0.07785218569966924), (1013, 0.07785218569966924), (1014, 0.10634725342607625), (1015, 0.311408742798677), (1016, 0.07785218569966924), (1017, 0.07785218569966924), (1018, 0.12456349711947079), (1019, 0.07785218569966924), (1020, 0.12456349711947079), (1021, 0.07785218569966924), (1022, 0.062281748559735395), (1023, 0.062281748559735395), (1024, 0.062281748559735395), (1025, 0.062281748559735395), (1026, 0.18684524567920618), (1027, 0.07785218569966924), (1028, 0.062281748559735395), (1029, 0.031140874279867697), (1030, 0.062281748559735395), (1031, 0.12456349711947079), (1032, 0.062281748559735395), (1033, 0.062281748559735395), (1034, 0.062281748559735395), (1035, 0.062281748559735395), (1036, 0.062281748559735395), (1037, 0.18684524567920618), (1038, 0.07785218569966924), (1039, 0.07785218569966924), (1040, 0.1557043713993385), (1041, 0.07785218569966924), (1042, 0.07785218569966924), (1043, 0.062281748559735395), (1044, 0.07785218569966924), (1045, 0.07785218569966924), (1046, 0.05317362671303812), (1047, 0.12456349711947079), (1048, 0.062281748559735395), (1049, 0.062281748559735395), (1050, 0.062281748559735395), (1051, 0.062281748559735395), (1052, 0.062281748559735395), (1053, 0.062281748559735395), (1054, 0.03414044235628743), (1055, 0.062281748559735395), (1056, 0.062281748559735395), (1057, 0.062281748559735395), (1058, 0.062281748559735395), (1059, 0.062281748559735395), (1060, 0.062281748559735395), (1061, 0.062281748559735395), (1062, 0.062281748559735395), (1063, 0.062281748559735395), (1064, 0.12456349711947079), (1065, 0.062281748559735395), (1066, 0.07785218569966924), (1067, 0.05317362671303812), (1068, 0.062281748559735395), (1069, 0.062281748559735395), (1070, 0.046711311419801546), (1071, 0.062281748559735395), (1072, 0.062281748559735395), (1073, 0.062281748559735395), (1074, 0.062281748559735395), (1075, 0.062281748559735395), (1076, 0.062281748559735395), (1077, 0.062281748559735395), (1078, 0.062281748559735395), (1079, 0.05317362671303812), (1080, 0.12456349711947079), (1081, 0.12456349711947079), (1082, 0.062281748559735395), (1083, 0.062281748559735395), (1084, 0.062281748559735395), (1085, 0.062281748559735395), (1086, 0.062281748559735395), (1087, 0.062281748559735395), (1088, 0.062281748559735395), (1089, 0.062281748559735395), (1090, 0.062281748559735395), (1091, 0.062281748559735395), (1092, 0.062281748559735395), (1093, 0.062281748559735395), (1094, 0.062281748559735395), (1095, 0.12456349711947079), (1096, 0.062281748559735395), (1097, 0.062281748559735395), (1098, 0.062281748559735395), (1099, 0.062281748559735395), (1100, 0.062281748559735395), (1101, 0.062281748559735395), (1102, 0.062281748559735395), (1103, 0.062281748559735395), (1104, 0.046711311419801546), (1105, 0.07785218569966924), (1106, 0.062281748559735395), (1107, 0.062281748559735395), (1108, 0.062281748559735395), (1109, 0.062281748559735395), (1110, 0.07785218569966924), (1111, 0.062281748559735395), (1112, 0.062281748559735395), (1113, 0.062281748559735395), (1114, 0.062281748559735395), (1115, 0.05317362671303812), (1116, 0.05317362671303812), (1117, 0.05317362671303812), (1118, 0.062281748559735395), (1119, 0.07785218569966924), (1120, 0.062281748559735395), (1121, 0.07785218569966924)]
[(13, 0.019523967989174246), (14, 0.021255979278420732), (18, 0.036950674575601875), (26, 0.04139247475587974), (72, 0.03332145957446749), (77, 0.055189966341172986), (79, 0.036950674575601875), (81, 0.04139247475587974), (90, 0.04711895115976074), (103, 0.04711895115976074), (105, 0.060506004024889724), (119, 0.036950674575601875), (150, 0.04711895115976074), (202, 0.08278494951175948), (207, 0.14135685347928223), (208, 0.14135685347928223), (242, 0.09423790231952148), (336, 0.03332145957446749), (349, 0.036950674575601875), (382, 0.04139247475587974), (484, 0.04711895115976074), (485, 0.09261273196123451), (528, 0.04139247475587974), (529, 0.06664291914893498), (531, 0.055189966341172986), (534, 0.036950674575601875), (557, 0.04139247475587974), (569, 0.04139247475587974), (607, 0.04139247475587974), (748, 0.22075986536469194), (755, 0.055189966341172986), (832, 0.04139247475587974), (851, 0.09423790231952148), (859, 0.04711895115976074), (867, 0.09423790231952148), (894, 0.04711895115976074), (895, 0.036950674575601875), (896, 0.09423790231952148), (900, 0.04711895115976074), (960, 0.14135685347928223), (1001, 0.08278494951175948), (1010, 0.055189966341172986), (1014, 0.09423790231952148), (1015, 0.27594983170586496), (1018, 0.055189966341172986), (1020, 0.11037993268234597), (1022, 0.055189966341172986), (1023, 0.055189966341172986), (1024, 0.055189966341172986), (1025, 0.055189966341172986), (1026, 0.24835484853527845), (1028, 0.055189966341172986), (1030, 0.055189966341172986), (1031, 0.11037993268234597), (1032, 0.055189966341172986), (1033, 0.055189966341172986), (1034, 0.055189966341172986), (1035, 0.055189966341172986), (1036, 0.055189966341172986), (1037, 0.38632976438821093), (1047, 0.11037993268234597), (1048, 0.055189966341172986), (1049, 0.055189966341172986), (1050, 0.055189966341172986), (1051, 0.055189966341172986), (1052, 0.055189966341172986), (1053, 0.055189966341172986), (1054, 0.030253002012444862), (1055, 0.055189966341172986), (1056, 0.055189966341172986), (1057, 0.055189966341172986), (1058, 0.055189966341172986), (1059, 0.055189966341172986), (1060, 0.055189966341172986), (1061, 0.055189966341172986), (1062, 0.055189966341172986), (1063, 0.055189966341172986), (1064, 0.11037993268234597), (1065, 0.055189966341172986), (1067, 0.04711895115976074), (1068, 0.11037993268234597), (1069, 0.055189966341172986), (1070, 0.08278494951175948), (1071, 0.055189966341172986), (1072, 0.055189966341172986), (1073, 0.055189966341172986), (1074, 0.055189966341172986), (1075, 0.055189966341172986), (1076, 0.055189966341172986), (1077, 0.055189966341172986), (1078, 0.055189966341172986), (1079, 0.04711895115976074), (1080, 0.11037993268234597), (1081, 0.11037993268234597), (1082, 0.055189966341172986), (1083, 0.11037993268234597), (1084, 0.055189966341172986), (1085, 0.055189966341172986), (1086, 0.055189966341172986), (1087, 0.055189966341172986), (1088, 0.055189966341172986), (1089, 0.055189966341172986), (1090, 0.055189966341172986), (1091, 0.055189966341172986), (1092, 0.055189966341172986), (1093, 0.055189966341172986), (1094, 0.055189966341172986), (1095, 0.11037993268234597), (1096, 0.055189966341172986), (1097, 0.055189966341172986), (1098, 0.055189966341172986), (1099, 0.055189966341172986), (1100, 0.055189966341172986), (1101, 0.055189966341172986), (1102, 0.055189966341172986), (1103, 0.055189966341172986), (1104, 0.04139247475587974), (1106, 0.055189966341172986), (1107, 0.055189966341172986), (1108, 0.055189966341172986), (1109, 0.055189966341172986), (1111, 0.055189966341172986), (1112, 0.055189966341172986), (1113, 0.055189966341172986), (1114, 0.055189966341172986), (1115, 0.04711895115976074), (1116, 0.04711895115976074), (1117, 0.04711895115976074), (1118, 0.055189966341172986), (1120, 0.055189966341172986), (1122, 0.06898745792646624), (1123, 0.04139247475587974), (1124, 0.06898745792646624), (1125, 0.06898745792646624), (1126, 0.06898745792646624), (1127, 0.06898745792646624), (1128, 0.06898745792646624), (1129, 0.06898745792646624), (1130, 0.06898745792646624), (1131, 0.06898745792646624), (1132, 0.06898745792646624), (1133, 0.06898745792646624), (1134, 0.055189966341172986), (1135, 0.06898745792646624), (1136, 0.06898745792646624), (1137, 0.06898745792646624), (1138, 0.06898745792646624), (1139, 0.04711895115976074), (1140, 0.06898745792646624), (1141, 0.06898745792646624), (1142, 0.06898745792646624), (1143, 0.06898745792646624), (1144, 0.06898745792646624), (1145, 0.06898745792646624), (1146, 0.06898745792646624), (1147, 0.04711895115976074), (1148, 0.06898745792646624), (1149, 0.06898745792646624), (1150, 0.06898745792646624), (1151, 0.06898745792646624), (1152, 0.06898745792646624), (1153, 0.06898745792646624)]
[(13, 0.01710138007712429), (19, 0.032365732743153665), (22, 0.02211729946091728), (23, 0.029186840770455597), (37, 0.03625638207999391), (51, 0.032365732743153665), (53, 0.03625638207999391), (58, 0.032365732743153665), (116, 0.16182866371576834), (117, 0.03625638207999391), (128, 0.03625638207999391), (137, 0.020280272049822363), (153, 0.0412723014637869), (156, 0.04834184277332522), (160, 0.0412723014637869), (225, 0.02649912590389918), (267, 0.03625638207999391), (347, 0.020280272049822363), (349, 0.097097198229461), (480, 0.0412723014637869), (559, 0.04834184277332522), (600, 0.2900510566399513), (618, 0.04834184277332522), (619, 0.032365732743153665), (668, 0.0412723014637869), (770, 0.04834184277332522), (865, 0.16919644970663827), (961, 0.09668368554665044), (967, 0.04834184277332522), (1029, 0.07251276415998782), (1154, 0.02649912590389918), (1155, 0.0412723014637869), (1156, 0.06042730346665652), (1157, 0.42299112426659563), (1158, 0.18128191039996958), (1159, 0.2889061102465083), (1160, 0.06042730346665652), (1161, 0.06042730346665652), (1162, 0.06042730346665652), (1163, 0.06042730346665652), (1164, 0.06042730346665652), (1165, 0.06042730346665652), (1166, 0.3021365173332826), (1167, 0.18128191039996958), (1168, 0.06042730346665652), (1169, 0.12085460693331304), (1170, 0.12085460693331304), (1171, 0.19336737109330088), (1172, 0.06042730346665652), (1173, 0.06042730346665652), (1174, 0.06042730346665652), (1175, 0.24170921386662608), (1176, 0.04834184277332522), (1177, 0.06042730346665652), (1178, 0.06042730346665652), (1179, 0.06042730346665652), (1180, 0.06042730346665652), (1181, 0.06042730346665652), (1182, 0.06042730346665652), (1183, 0.04834184277332522), (1184, 0.06042730346665652), (1185, 0.032365732743153665), (1186, 0.06042730346665652), (1187, 0.06042730346665652), (1188, 0.06042730346665652), (1189, 0.06042730346665652), (1190, 0.06042730346665652), (1191, 0.0412723014637869), (1192, 0.06042730346665652), (1193, 0.06042730346665652), (1194, 0.06042730346665652), (1195, 0.06042730346665652), (1196, 0.06042730346665652), (1197, 0.06042730346665652), (1198, 0.06042730346665652), (1199, 0.06042730346665652), (1200, 0.06042730346665652), (1201, 0.18128191039996958), (1202, 0.06042730346665652), (1203, 0.12085460693331304), (1204, 0.06042730346665652), (1205, 0.06042730346665652), (1206, 0.12085460693331304), (1207, 0.06042730346665652), (1208, 0.06042730346665652), (1209, 0.06042730346665652), (1210, 0.06042730346665652), (1211, 0.06042730346665652), (1212, 0.06042730346665652), (1213, 0.04834184277332522), (1214, 0.04834184277332522), (1215, 0.06042730346665652), (1216, 0.06042730346665652), (1217, 0.06042730346665652), (1218, 0.04834184277332522), (1219, 0.04834184277332522), (1220, 0.06042730346665652), (1221, 0.06042730346665652), (1222, 0.06042730346665652), (1223, 0.06042730346665652), (1224, 0.06042730346665652)]
[(7, 0.03850577378742903), (22, 0.0642771186430412), (23, 0.04241128150236476), (24, 0.14049067648855712), (72, 0.04241128150236476), (117, 0.10536800736641784), (137, 0.11787672857285816), (144, 0.0599726160634344), (153, 0.0599726160634344), (202, 0.03512266912213928), (214, 0.027054436759315948), (237, 0.07024533824427856), (239, 0.07024533824427856), (252, 0.21073601473283568), (297, 0.0599726160634344), (332, 0.0599726160634344), (336, 0.04241128150236476), (347, 0.02946918214321454), (402, 0.05268400368320892), (485, 0.02946918214321454), (501, 0.10536800736641784), (644, 0.0599726160634344), (694, 0.0599726160634344), (709, 0.07024533824427856), (895, 0.09406103340856836), (1043, 0.42147202946567136), (1054, 0.03850577378742903), (1067, 0.0599726160634344), (1104, 0.05268400368320892), (1139, 0.0599726160634344), (1154, 0.03850577378742903), (1185, 0.04703051670428418), (1214, 0.07024533824427856), (1225, 0.08780667280534821), (1226, 0.08780667280534821), (1227, 0.08780667280534821), (1228, 0.08780667280534821), (1229, 0.08780667280534821), (1230, 0.08780667280534821), (1231, 0.08780667280534821), (1232, 0.17561334561069641), (1233, 0.08780667280534821), (1234, 0.08780667280534821), (1235, 0.08780667280534821), (1236, 0.08780667280534821), (1237, 0.35122669122139283), (1238, 0.08780667280534821), (1239, 0.07024533824427856), (1240, 0.08780667280534821), (1241, 0.08780667280534821), (1242, 0.08780667280534821), (1243, 0.08780667280534821), (1244, 0.08780667280534821), (1245, 0.08780667280534821), (1246, 0.08780667280534821), (1247, 0.08780667280534821), (1248, 0.08780667280534821), (1249, 0.08780667280534821), (1250, 0.08780667280534821), (1251, 0.08780667280534821), (1252, 0.2634200184160446), (1253, 0.08780667280534821), (1254, 0.08780667280534821), (1255, 0.08780667280534821), (1256, 0.08780667280534821), (1257, 0.08780667280534821), (1258, 0.08780667280534821), (1259, 0.08780667280534821), (1260, 0.08780667280534821), (1261, 0.08780667280534821), (1262, 0.08780667280534821), (1263, 0.08780667280534821), (1264, 0.08780667280534821), (1265, 0.07024533824427856), (1266, 0.08780667280534821), (1267, 0.08780667280534821), (1268, 0.08780667280534821), (1269, 0.08780667280534821), (1270, 0.08780667280534821), (1271, 0.08780667280534821), (1272, 0.08780667280534821), (1273, 0.08780667280534821), (1274, 0.08780667280534821), (1275, 0.07024533824427856), (1276, 0.08780667280534821), (1277, 0.08780667280534821), (1278, 0.08780667280534821), (1279, 0.08780667280534821), (1280, 0.08780667280534821), (1281, 0.08780667280534821), (1282, 0.08780667280534821)]
[(5, 0.0455974451208851), (12, 0.03419808384066383), (14, 0.01756149555603916), (45, 0.03052830918078943), (57, 0.07785849247956589), (59, 0.03052830918078943), (62, 0.06105661836157886), (81, 0.06839616768132765), (93, 0.1367923353626553), (105, 0.17496327381935015), (115, 0.038929246239782944), (119, 0.03052830918078943), (128, 0.03419808384066383), (132, 0.03419808384066383), (137, 0.01912894790056815), (145, 0.038929246239782944), (152, 0.03419808384066383), (160, 0.038929246239782944), (174, 0.2279872256044255), (262, 0.0455974451208851), (374, 0.0455974451208851), (382, 0.03419808384066383), (413, 0.0911948902417702), (501, 0.03419808384066383), (514, 0.0455974451208851), (544, 0.2279872256044255), (616, 0.1367923353626553), (644, 0.038929246239782944), (647, 0.11678773871934883), (648, 0.0455974451208851), (662, 0.03052830918078943), (960, 0.038929246239782944), (985, 0.0911948902417702), (1001, 0.06839616768132765), (1054, 0.024994753402764306), (1079, 0.038929246239782944), (1239, 0.0455974451208851), (1283, 0.056996806401106374), (1284, 0.056996806401106374), (1285, 0.056996806401106374), (1286, 0.056996806401106374), (1287, 0.056996806401106374), (1288, 0.11399361280221275), (1289, 0.11399361280221275), (1290, 0.056996806401106374), (1291, 0.056996806401106374), (1292, 0.056996806401106374), (1293, 0.056996806401106374), (1294, 0.056996806401106374), (1295, 0.056996806401106374), (1296, 0.056996806401106374), (1297, 0.28498403200553185), (1298, 0.28498403200553185), (1299, 0.056996806401106374), (1300, 0.0455974451208851), (1301, 0.056996806401106374), (1302, 0.056996806401106374), (1303, 0.056996806401106374), (1304, 0.0455974451208851), (1305, 0.056996806401106374), (1306, 0.056996806401106374), (1307, 0.056996806401106374), (1308, 0.11399361280221275), (1309, 0.11399361280221275), (1310, 0.056996806401106374), (1311, 0.11399361280221275), (1312, 0.056996806401106374), (1313, 0.056996806401106374), (1314, 0.056996806401106374), (1315, 0.056996806401106374), (1316, 0.056996806401106374), (1317, 0.056996806401106374), (1318, 0.056996806401106374), (1319, 0.056996806401106374), (1320, 0.056996806401106374), (1321, 0.17099041920331912), (1322, 0.056996806401106374), (1323, 0.056996806401106374), (1324, 0.056996806401106374), (1325, 0.056996806401106374), (1326, 0.056996806401106374), (1327, 0.056996806401106374), (1328, 0.056996806401106374), (1329, 0.056996806401106374), (1330, 0.056996806401106374), (1331, 0.056996806401106374), (1332, 0.056996806401106374), (1333, 0.056996806401106374), (1334, 0.056996806401106374), (1335, 0.056996806401106374), (1336, 0.056996806401106374), (1337, 0.056996806401106374), (1338, 0.056996806401106374), (1339, 0.11399361280221275), (1340, 0.056996806401106374), (1341, 0.056996806401106374), (1342, 0.056996806401106374), (1343, 0.056996806401106374), (1344, 0.1367923353626553), (1345, 0.056996806401106374), (1346, 0.056996806401106374), (1347, 0.056996806401106374), (1348, 0.056996806401106374), (1349, 0.056996806401106374), (1350, 0.056996806401106374), (1351, 0.056996806401106374), (1352, 0.056996806401106374), (1353, 0.056996806401106374), (1354, 0.0455974451208851), (1355, 0.056996806401106374), (1356, 0.056996806401106374), (1357, 0.056996806401106374), (1358, 0.056996806401106374), (1359, 0.056996806401106374), (1360, 0.056996806401106374), (1361, 0.056996806401106374), (1362, 0.056996806401106374), (1363, 0.056996806401106374), (1364, 0.056996806401106374), (1365, 0.056996806401106374), (1366, 0.056996806401106374), (1367, 0.056996806401106374), (1368, 0.0455974451208851), (1369, 0.056996806401106374), (1370, 0.056996806401106374), (1371, 0.056996806401106374), (1372, 0.056996806401106374), (1373, 0.056996806401106374), (1374, 0.056996806401106374), (1375, 0.056996806401106374), (1376, 0.056996806401106374), (1377, 0.056996806401106374), (1378, 0.17099041920331912), (1379, 0.056996806401106374), (1380, 0.056996806401106374), (1381, 0.056996806401106374), (1382, 0.056996806401106374), (1383, 0.056996806401106374), (1384, 0.11399361280221275), (1385, 0.056996806401106374), (1386, 0.056996806401106374), (1387, 0.056996806401106374), (1388, 0.056996806401106374), (1389, 0.056996806401106374), (1390, 0.056996806401106374), (1391, 0.056996806401106374), (1392, 0.056996806401106374), (1393, 0.056996806401106374), (1394, 0.056996806401106374), (1395, 0.056996806401106374), (1396, 0.056996806401106374), (1397, 0.056996806401106374), (1398, 0.056996806401106374), (1399, 0.056996806401106374), (1400, 0.056996806401106374), (1401, 0.056996806401106374), (1402, 0.056996806401106374), (1403, 0.056996806401106374), (1404, 0.056996806401106374), (1405, 0.056996806401106374), (1406, 0.056996806401106374), (1407, 0.056996806401106374), (1408, 0.056996806401106374), (1409, 0.056996806401106374), (1410, 0.056996806401106374), (1411, 0.056996806401106374), (1412, 0.056996806401106374), (1413, 0.056996806401106374), (1414, 0.056996806401106374), (1415, 0.056996806401106374), (1416, 0.056996806401106374), (1417, 0.056996806401106374), (1418, 0.056996806401106374), (1419, 0.056996806401106374), (1420, 0.056996806401106374), (1421, 0.056996806401106374), (1422, 0.056996806401106374), (1423, 0.056996806401106374)]
[(67, 0.09553665565219421), (72, 0.05768115148893479), (77, 0.04776832782609711), (123, 0.06396350835264045), (404, 0.09553665565219421), (419, 0.08156531540198333), (591, 0.09553665565219421), (594, 0.09553665565219421), (690, 0.09553665565219421), (728, 0.09553665565219421), (1014, 0.08156531540198333), (1123, 0.21495747521743697), (1424, 0.11942081956524277), (1425, 0.11942081956524277), (1426, 0.11942081956524277), (1427, 0.11942081956524277), (1428, 0.11942081956524277), (1429, 0.23884163913048553), (1430, 0.23884163913048553), (1431, 0.11942081956524277), (1432, 0.11942081956524277), (1433, 0.11942081956524277), (1434, 0.11942081956524277), (1435, 0.11942081956524277), (1436, 0.11942081956524277), (1437, 0.11942081956524277), (1438, 0.11942081956524277), (1439, 0.11942081956524277), (1440, 0.23884163913048553), (1441, 0.11942081956524277), (1442, 0.11942081956524277), (1443, 0.11942081956524277), (1444, 0.11942081956524277), (1445, 0.11942081956524277), (1446, 0.08156531540198333), (1447, 0.09553665565219421), (1448, 0.09553665565219421), (1449, 0.11942081956524277), (1450, 0.28660996695658264), (1451, 0.11942081956524277), (1452, 0.11942081956524277), (1453, 0.11942081956524277), (1454, 0.11942081956524277), (1455, 0.11942081956524277), (1456, 0.09553665565219421), (1457, 0.11942081956524277), (1458, 0.11942081956524277), (1459, 0.11942081956524277), (1460, 0.11942081956524277), (1461, 0.11942081956524277), (1462, 0.11942081956524277), (1463, 0.11942081956524277), (1464, 0.11942081956524277), (1465, 0.11942081956524277), (1466, 0.11942081956524277), (1467, 0.11942081956524277), (1468, 0.09553665565219421), (1469, 0.11942081956524277), (1470, 0.11942081956524277), (1471, 0.09553665565219421), (1472, 0.11942081956524277), (1473, 0.11942081956524277)]
[(10, 0.10322954348771078), (38, 0.1209117539816296), (43, 0.1209117539816296), (121, 0.10322954348771078), (123, 0.08095259283402334), (150, 0.10322954348771078), (155, 0.10322954348771078), (194, 0.10322954348771078), (329, 0.1209117539816296), (485, 0.10144930867723187), (486, 0.09068381548622219), (534, 0.08095259283402334), (619, 0.08095259283402334), (667, 0.1209117539816296), (713, 0.1209117539816296), (832, 0.09068381548622219), (1159, 0.10322954348771078), (1474, 0.15113969247703699), (1475, 0.15113969247703699), (1476, 0.1209117539816296), (1477, 0.15113969247703699), (1478, 0.15113969247703699), (1479, 0.15113969247703699), (1480, 0.15113969247703699), (1481, 0.15113969247703699), (1482, 0.453419077431111), (1483, 0.1209117539816296), (1484, 0.15113969247703699), (1485, 0.15113969247703699), (1486, 0.15113969247703699), (1487, 0.15113969247703699), (1488, 0.15113969247703699), (1489, 0.15113969247703699), (1490, 0.15113969247703699), (1491, 0.15113969247703699), (1492, 0.15113969247703699), (1493, 0.15113969247703699), (1494, 0.15113969247703699), (1495, 0.15113969247703699), (1496, 0.15113969247703699), (1497, 0.15113969247703699), (1498, 0.15113969247703699), (1499, 0.10322954348771078), (1500, 0.15113969247703699), (1501, 0.15113969247703699), (1502, 0.15113969247703699)]
[(15, 0.08440056079559517), (19, 0.11301538532121728), (53, 0.06330042059669638), (58, 0.16952307798182592), (95, 0.08440056079559517), (214, 0.03250620883274361), (347, 0.07081510492341969), (442, 0.06330042059669638), (626, 0.08440056079559517), (1026, 0.06330042059669638), (1029, 0.042200280397797586), (1123, 0.06330042059669638), (1147, 0.14411554003856067), (1154, 0.04626511855100992), (1155, 0.14411554003856067), (1183, 0.25320168238678553), (1191, 0.07205777001928033), (1218, 0.08440056079559517), (1446, 0.21617331005784102), (1447, 0.08440056079559517), (1448, 0.08440056079559517), (1456, 0.08440056079559517), (1503, 0.10550070099449396), (1504, 0.08440056079559517), (1505, 0.10550070099449396), (1506, 0.10550070099449396), (1507, 0.10550070099449396), (1508, 0.08440056079559517), (1509, 0.16880112159119035), (1510, 0.21100140198898792), (1511, 0.10550070099449396), (1512, 0.10550070099449396), (1513, 0.10550070099449396), (1514, 0.08440056079559517), (1515, 0.21100140198898792), (1516, 0.10550070099449396), (1517, 0.10550070099449396), (1518, 0.10550070099449396), (1519, 0.10550070099449396), (1520, 0.10550070099449396), (1521, 0.10550070099449396), (1522, 0.10550070099449396), (1523, 0.25320168238678553), (1524, 0.10550070099449396), (1525, 0.10550070099449396), (1526, 0.10550070099449396), (1527, 0.10550070099449396), (1528, 0.08440056079559517), (1529, 0.08440056079559517), (1530, 0.21100140198898792), (1531, 0.10550070099449396), (1532, 0.08440056079559517), (1533, 0.08440056079559517), (1534, 0.07205777001928033), (1535, 0.050957629820381545), (1536, 0.10550070099449396), (1537, 0.10550070099449396), (1538, 0.10550070099449396), (1539, 0.10550070099449396), (1540, 0.08440056079559517), (1541, 0.10550070099449396), (1542, 0.10550070099449396), (1543, 0.10550070099449396), (1544, 0.10550070099449396), (1545, 0.21100140198898792), (1546, 0.10550070099449396), (1547, 0.10550070099449396), (1548, 0.10550070099449396), (1549, 0.10550070099449396), (1550, 0.10550070099449396), (1551, 0.10550070099449396), (1552, 0.10550070099449396), (1553, 0.10550070099449396)]
[(48, 0.04936753885298488), (53, 0.04936753885298488), (62, 0.04406993960891179), (116, 0.04406993960891179), (129, 0.16859199643004866), (134, 0.1123946642866991), (137, 0.055228186649167), (202, 0.032911692568656586), (206, 0.06582338513731317), (214, 0.025351356474201087), (225, 0.03608183035870909), (264, 0.06582338513731317), (347, 0.0276140933245835), (355, 0.06582338513731317), (427, 0.19747015541193952), (588, 0.05619733214334955), (683, 0.06582338513731317), (696, 0.06582338513731317), (742, 0.09873507770596976), (744, 0.14810261655895463), (781, 0.06582338513731317), (864, 0.13164677027462635), (865, 0.032911692568656586), (1029, 0.032911692568656586), (1046, 0.05619733214334955), (1070, 0.04936753885298488), (1116, 0.05619733214334955), (1117, 0.05619733214334955), (1154, 0.03608183035870909), (1219, 0.06582338513731317), (1344, 0.06582338513731317), (1471, 0.06582338513731317), (1483, 0.06582338513731317), (1499, 0.05619733214334955), (1534, 0.05619733214334955), (1535, 0.03974148585902126), (1554, 0.32911692568656586), (1555, 0.16455846284328293), (1556, 0.06582338513731317), (1557, 0.08227923142164147), (1558, 0.08227923142164147), (1559, 0.16455846284328293), (1560, 0.08227923142164147), (1561, 0.06582338513731317), (1562, 0.08227923142164147), (1563, 0.08227923142164147), (1564, 0.08227923142164147), (1565, 0.08227923142164147), (1566, 0.08227923142164147), (1567, 0.08227923142164147), (1568, 0.08227923142164147), (1569, 0.06582338513731317), (1570, 0.08227923142164147), (1571, 0.24683769426492438), (1572, 0.06582338513731317), (1573, 0.08227923142164147), (1574, 0.08227923142164147), (1575, 0.08227923142164147), (1576, 0.08227923142164147), (1577, 0.08227923142164147), (1578, 0.08227923142164147), (1579, 0.08227923142164147), (1580, 0.08227923142164147), (1581, 0.08227923142164147), (1582, 0.08227923142164147), (1583, 0.08227923142164147), (1584, 0.08227923142164147), (1585, 0.08227923142164147), (1586, 0.08227923142164147), (1587, 0.08227923142164147), (1588, 0.08227923142164147), (1589, 0.08227923142164147), (1590, 0.08227923142164147), (1591, 0.08227923142164147), (1592, 0.08227923142164147), (1593, 0.08227923142164147), (1594, 0.06582338513731317), (1595, 0.08227923142164147), (1596, 0.08227923142164147), (1597, 0.08227923142164147), (1598, 0.08227923142164147), (1599, 0.08227923142164147), (1600, 0.08227923142164147), (1601, 0.08227923142164147), (1602, 0.08227923142164147), (1603, 0.08227923142164147), (1604, 0.08227923142164147), (1605, 0.16455846284328293), (1606, 0.08227923142164147), (1607, 0.06582338513731317), (1608, 0.08227923142164147), (1609, 0.08227923142164147), (1610, 0.08227923142164147), (1611, 0.08227923142164147), (1612, 0.08227923142164147), (1613, 0.08227923142164147), (1614, 0.08227923142164147), (1615, 0.06582338513731317), (1616, 0.08227923142164147), (1617, 0.08227923142164147), (1618, 0.08227923142164147), (1619, 0.08227923142164147), (1620, 0.06582338513731317), (1621, 0.06582338513731317), (1622, 0.08227923142164147), (1623, 0.08227923142164147), (1624, 0.06582338513731317), (1625, 0.16455846284328293), (1626, 0.08227923142164147), (1627, 0.08227923142164147), (1628, 0.08227923142164147), (1629, 0.08227923142164147), (1630, 0.08227923142164147), (1631, 0.08227923142164147), (1632, 0.08227923142164147), (1633, 0.06582338513731317), (1634, 0.08227923142164147), (1635, 0.08227923142164147), (1636, 0.08227923142164147), (1637, 0.08227923142164147), (1638, 0.08227923142164147)]
[(129, 0.05038769290642754), (134, 0.1511630787192826), (136, 0.027002121365439866), (137, 0.049518736967060994), (147, 0.05038769290642754), (214, 0.02273055171951942), (225, 0.06470343406974709), (268, 0.05901861155793217), (336, 0.071266080033889), (347, 0.024759368483530497), (349, 0.03951402137301354), (442, 0.04426395866844913), (662, 0.07902804274602708), (717, 0.05901861155793217), (738, 0.11803722311586434), (743, 0.05901861155793217), (744, 0.04426395866844913), (810, 0.05901861155793217), (822, 0.05901861155793217), (895, 0.03951402137301354), (1029, 0.029509305778966086), (1046, 0.05038769290642754), (1054, 0.032351717034873544), (1070, 0.04426395866844913), (1115, 0.05038769290642754), (1171, 0.05901861155793217), (1176, 0.05901861155793217), (1185, 0.03951402137301354), (1191, 0.05038769290642754), (1265, 0.05901861155793217), (1535, 0.0356330400169445), (1556, 0.05901861155793217), (1561, 0.11803722311586434), (1569, 0.05901861155793217), (1607, 0.05901861155793217), (1620, 0.05901861155793217), (1621, 0.1770558346737965), (1624, 0.11803722311586434), (1639, 0.07377326444741522), (1640, 0.07377326444741522), (1641, 0.14754652889483044), (1642, 0.14754652889483044), (1643, 0.14754652889483044), (1644, 0.14754652889483044), (1645, 0.07377326444741522), (1646, 0.07377326444741522), (1647, 0.22131979334224566), (1648, 0.05901861155793217), (1649, 0.05901861155793217), (1650, 0.07377326444741522), (1651, 0.07377326444741522), (1652, 0.07377326444741522), (1653, 0.07377326444741522), (1654, 0.07377326444741522), (1655, 0.07377326444741522), (1656, 0.07377326444741522), (1657, 0.14754652889483044), (1658, 0.14754652889483044), (1659, 0.07377326444741522), (1660, 0.07377326444741522), (1661, 0.3688663222370761), (1662, 0.14754652889483044), (1663, 0.07377326444741522), (1664, 0.14754652889483044), (1665, 0.07377326444741522), (1666, 0.07377326444741522), (1667, 0.07377326444741522), (1668, 0.07377326444741522), (1669, 0.07377326444741522), (1670, 0.07377326444741522), (1671, 0.14754652889483044), (1672, 0.14754652889483044), (1673, 0.07377326444741522), (1674, 0.07377326444741522), (1675, 0.14754652889483044), (1676, 0.07377326444741522), (1677, 0.07377326444741522), (1678, 0.07377326444741522), (1679, 0.07377326444741522), (1680, 0.07377326444741522), (1681, 0.07377326444741522), (1682, 0.07377326444741522), (1683, 0.07377326444741522), (1684, 0.07377326444741522), (1685, 0.07377326444741522), (1686, 0.07377326444741522), (1687, 0.05901861155793217), (1688, 0.07377326444741522), (1689, 0.14754652889483044), (1690, 0.07377326444741522), (1691, 0.07377326444741522), (1692, 0.07377326444741522), (1693, 0.07377326444741522), (1694, 0.07377326444741522), (1695, 0.07377326444741522), (1696, 0.07377326444741522), (1697, 0.07377326444741522), (1698, 0.07377326444741522), (1699, 0.07377326444741522), (1700, 0.07377326444741522), (1701, 0.07377326444741522), (1702, 0.07377326444741522), (1703, 0.07377326444741522), (1704, 0.07377326444741522), (1705, 0.07377326444741522), (1706, 0.07377326444741522), (1707, 0.07377326444741522), (1708, 0.07377326444741522), (1709, 0.07377326444741522), (1710, 0.07377326444741522), (1711, 0.07377326444741522), (1712, 0.07377326444741522), (1713, 0.07377326444741522), (1714, 0.07377326444741522), (1715, 0.07377326444741522), (1716, 0.07377326444741522), (1717, 0.07377326444741522), (1718, 0.07377326444741522), (1719, 0.07377326444741522), (1720, 0.07377326444741522), (1721, 0.07377326444741522)]
[(136, 0.03366708524510554), (138, 0.07358624159477425), (183, 0.06282494361928667), (214, 0.028341159276056543), (302, 0.12564988723857334), (347, 0.030870751155755414), (647, 0.06282494361928667), (865, 0.03679312079738713), (1026, 0.05518968119608069), (1029, 0.03679312079738713), (1123, 0.11037936239216138), (1139, 0.06282494361928667), (1147, 0.12564988723857334), (1154, 0.04033712760926544), (1300, 0.07358624159477425), (1304, 0.07358624159477425), (1446, 0.06282494361928667), (1450, 0.07358624159477425), (1504, 0.07358624159477425), (1509, 0.07358624159477425), (1523, 0.1471724831895485), (1528, 0.07358624159477425), (1532, 0.07358624159477425), (1533, 0.07358624159477425), (1534, 0.06282494361928667), (1535, 0.044428383220593115), (1615, 0.07358624159477425), (1648, 0.07358624159477425), (1722, 0.09198280199346781), (1723, 0.09198280199346781), (1724, 0.36793120797387124), (1725, 0.18396560398693562), (1726, 0.27594840598040343), (1727, 0.18396560398693562), (1728, 0.18396560398693562), (1729, 0.18396560398693562), (1730, 0.27594840598040343), (1731, 0.09198280199346781), (1732, 0.09198280199346781), (1733, 0.18396560398693562), (1734, 0.09198280199346781), (1735, 0.09198280199346781), (1736, 0.09198280199346781), (1737, 0.09198280199346781), (1738, 0.09198280199346781), (1739, 0.09198280199346781), (1740, 0.09198280199346781), (1741, 0.09198280199346781), (1742, 0.09198280199346781), (1743, 0.09198280199346781), (1744, 0.09198280199346781), (1745, 0.09198280199346781), (1746, 0.09198280199346781), (1747, 0.09198280199346781), (1748, 0.09198280199346781), (1749, 0.09198280199346781), (1750, 0.09198280199346781), (1751, 0.09198280199346781), (1752, 0.09198280199346781), (1753, 0.07358624159477425), (1754, 0.09198280199346781), (1755, 0.09198280199346781), (1756, 0.09198280199346781), (1757, 0.09198280199346781), (1758, 0.09198280199346781), (1759, 0.09198280199346781), (1760, 0.09198280199346781), (1761, 0.09198280199346781), (1762, 0.09198280199346781), (1763, 0.09198280199346781), (1764, 0.09198280199346781), (1765, 0.09198280199346781), (1766, 0.09198280199346781), (1767, 0.09198280199346781), (1768, 0.09198280199346781), (1769, 0.09198280199346781), (1770, 0.09198280199346781), (1771, 0.09198280199346781), (1772, 0.09198280199346781), (1773, 0.09198280199346781), (1774, 0.09198280199346781), (1775, 0.09198280199346781)]
[(10, 0.0458000874821623), (17, 0.10729038844658997), (37, 0.04023389566747124), (64, 0.05364519422329499), (214, 0.020661022508117344), (347, 0.022505123317605524), (501, 0.08046779133494247), (534, 0.07183284374685854), (557, 0.04023389566747124), (607, 0.08046779133494247), (617, 0.03238878892633855), (726, 0.05364519422329499), (731, 0.05364519422329499), (837, 0.0916001749643246), (865, 0.026822597111647493), (1008, 0.05364519422329499), (1029, 0.05364519422329499), (1054, 0.0294062177672429), (1104, 0.04023389566747124), (1134, 0.05364519422329499), (1154, 0.0294062177672429), (1155, 0.0916001749643246), (1185, 0.03591642187342927), (1213, 0.05364519422329499), (1468, 0.05364519422329499), (1476, 0.05364519422329499), (1508, 0.21458077689317995), (1514, 0.05364519422329499), (1535, 0.0647775778526771), (1540, 0.05364519422329499), (1572, 0.16093558266988495), (1594, 0.05364519422329499), (1776, 0.06705649277911874), (1777, 0.20116947833735618), (1778, 0.13411298555823747), (1779, 0.3352824638955937), (1780, 0.06705649277911874), (1781, 0.06705649277911874), (1782, 0.06705649277911874), (1783, 0.13411298555823747), (1784, 0.06705649277911874), (1785, 0.40233895667471237), (1786, 0.13411298555823747), (1787, 0.06705649277911874), (1788, 0.06705649277911874), (1789, 0.06705649277911874), (1790, 0.06705649277911874), (1791, 0.06705649277911874), (1792, 0.06705649277911874), (1793, 0.06705649277911874), (1794, 0.06705649277911874), (1795, 0.06705649277911874), (1796, 0.13411298555823747), (1797, 0.13411298555823747), (1798, 0.06705649277911874), (1799, 0.06705649277911874), (1800, 0.06705649277911874), (1801, 0.13411298555823747), (1802, 0.06705649277911874), (1803, 0.06705649277911874), (1804, 0.13411298555823747), (1805, 0.13411298555823747), (1806, 0.06705649277911874), (1807, 0.06705649277911874), (1808, 0.06705649277911874), (1809, 0.06705649277911874), (1810, 0.13411298555823747), (1811, 0.06705649277911874), (1812, 0.06705649277911874), (1813, 0.06705649277911874), (1814, 0.06705649277911874), (1815, 0.06705649277911874), (1816, 0.06705649277911874), (1817, 0.06705649277911874), (1818, 0.06705649277911874), (1819, 0.06705649277911874), (1820, 0.06705649277911874), (1821, 0.06705649277911874), (1822, 0.06705649277911874), (1823, 0.06705649277911874), (1824, 0.06705649277911874), (1825, 0.06705649277911874), (1826, 0.06705649277911874), (1827, 0.13411298555823747), (1828, 0.06705649277911874), (1829, 0.06705649277911874), (1830, 0.06705649277911874), (1831, 0.06705649277911874), (1832, 0.06705649277911874), (1833, 0.06705649277911874), (1834, 0.06705649277911874), (1835, 0.06705649277911874), (1836, 0.06705649277911874), (1837, 0.06705649277911874), (1838, 0.06705649277911874), (1839, 0.13411298555823747), (1840, 0.06705649277911874), (1841, 0.06705649277911874), (1842, 0.06705649277911874), (1843, 0.06705649277911874), (1844, 0.06705649277911874), (1845, 0.06705649277911874), (1846, 0.06705649277911874), (1847, 0.06705649277911874), (1848, 0.06705649277911874), (1849, 0.06705649277911874), (1850, 0.06705649277911874), (1851, 0.06705649277911874), (1852, 0.06705649277911874), (1853, 0.06705649277911874), (1854, 0.06705649277911874), (1855, 0.06705649277911874), (1856, 0.06705649277911874), (1857, 0.06705649277911874), (1858, 0.06705649277911874), (1859, 0.06705649277911874), (1860, 0.05364519422329499)]
[(19, 0.03739717401521812), (76, 0.047688320610515776), (177, 0.047688320610515776), (214, 0.02151282933448374), (302, 0.047688320610515776), (347, 0.023432958213609453), (380, 0.05585686320643466), (416, 0.05585686320643466), (457, 0.05585686320643466), (551, 0.05585686320643466), (588, 0.047688320610515776), (590, 0.05585686320643466), (617, 0.06744820961781421), (742, 0.041892647404826), (865, 0.083785294809652), (931, 0.22342745282573864), (1029, 0.02792843160321733), (1054, 0.03061856904472267), (1154, 0.03061856904472267), (1159, 0.1907532824420631), (1185, 0.03739717401521812), (1275, 0.05585686320643466), (1354, 0.05585686320643466), (1368, 0.05585686320643466), (1499, 0.047688320610515776), (1529, 0.11171372641286932), (1535, 0.033724104808907106), (1633, 0.05585686320643466), (1649, 0.05585686320643466), (1687, 0.11171372641286932), (1753, 0.05585686320643466), (1860, 0.05585686320643466), (1861, 0.06982107900804332), (1862, 0.2792843160321733), (1863, 0.06982107900804332), (1864, 0.13964215801608665), (1865, 0.06982107900804332), (1866, 0.13964215801608665), (1867, 0.06982107900804332), (1868, 0.13964215801608665), (1869, 0.06982107900804332), (1870, 0.13964215801608665), (1871, 0.13964215801608665), (1872, 0.06982107900804332), (1873, 0.06982107900804332), (1874, 0.06982107900804332), (1875, 0.4887475530563033), (1876, 0.20946323702412997), (1877, 0.06982107900804332), (1878, 0.06982107900804332), (1879, 0.06982107900804332), (1880, 0.06982107900804332), (1881, 0.20946323702412997), (1882, 0.06982107900804332), (1883, 0.06982107900804332), (1884, 0.06982107900804332), (1885, 0.06982107900804332), (1886, 0.06982107900804332), (1887, 0.13964215801608665), (1888, 0.06982107900804332), (1889, 0.06982107900804332), (1890, 0.06982107900804332), (1891, 0.06982107900804332), (1892, 0.06982107900804332), (1893, 0.06982107900804332), (1894, 0.06982107900804332), (1895, 0.06982107900804332), (1896, 0.06982107900804332), (1897, 0.06982107900804332), (1898, 0.06982107900804332), (1899, 0.13964215801608665), (1900, 0.06982107900804332), (1901, 0.06982107900804332), (1902, 0.06982107900804332), (1903, 0.06982107900804332), (1904, 0.06982107900804332), (1905, 0.06982107900804332), (1906, 0.06982107900804332), (1907, 0.06982107900804332), (1908, 0.06982107900804332), (1909, 0.06982107900804332), (1910, 0.06982107900804332), (1911, 0.06982107900804332), (1912, 0.06982107900804332), (1913, 0.06982107900804332), (1914, 0.06982107900804332), (1915, 0.06982107900804332), (1916, 0.06982107900804332), (1917, 0.06982107900804332), (1918, 0.06982107900804332), (1919, 0.06982107900804332), (1920, 0.06982107900804332), (1921, 0.06982107900804332), (1922, 0.06982107900804332), (1923, 0.06982107900804332), (1924, 0.06982107900804332), (1925, 0.06982107900804332), (1926, 0.06982107900804332), (1927, 0.06982107900804332), (1928, 0.06982107900804332)]
2017-11-29 14:35:27,225 : INFO : using symmetric alpha at 0.5
2017-11-29 14:35:27,226 : INFO : using symmetric eta at 0.0005184033177812338
2017-11-29 14:35:27,226 : INFO : using serial LDA version on this node
2017-11-29 14:35:27,362 : INFO : running online (single-pass) LDA training, 2 topics, 1 passes over the supplied corpus of 32 documents, updating model once every 32 documents, evaluating perplexity every 32 documents, iterating 50x with a convergence threshold of 0.001000
2017-11-29 14:35:27,362 : WARNING : too few updates, training might not converge; consider increasing the number of passes or iterations to improve accuracy
2017-11-29 14:35:27,595 : INFO : -8.286 per-word bound, 312.0 perplexity estimate based on a held-out corpus of 32 documents with 3310 words
2017-11-29 14:35:27,595 : INFO : PROGRESS: pass 0, at document #32/32
2017-11-29 14:35:27,704 : INFO : topic #0 (0.500): 0.006*"pesan" + 0.004*"beredar" + 0.004*"berantai" + 0.003*"warga" + 0.003*"yg" + 0.003*"kota" + 0.003*"informasi" + 0.003*"jalan" + 0.003*"anggota" + 0.003*"cctv"
2017-11-29 14:35:27,705 : INFO : topic #1 (0.500): 0.005*"jakarta" + 0.005*"pesan" + 0.004*"dki" + 0.004*"foto" + 0.004*"warga" + 0.004*"yg" + 0.004*"video" + 0.003*"beredar" + 0.003*"media" + 0.003*"air"
2017-11-29 14:35:27,705 : INFO : topic diff=0.492986, rho=1.000000
2017-11-29 14:35:27,705 : INFO : topic #0 (0.500): 0.006*"pesan" + 0.004*"beredar" + 0.004*"berantai" + 0.003*"warga" + 0.003*"yg" + 0.003*"kota" + 0.003*"informasi" + 0.003*"jalan" + 0.003*"anggota" + 0.003*"cctv"
2017-11-29 14:35:27,705 : INFO : topic #1 (0.500): 0.005*"jakarta" + 0.005*"pesan" + 0.004*"dki" + 0.004*"foto" + 0.004*"warga" + 0.004*"yg" + 0.004*"video" + 0.003*"beredar" + 0.003*"media" + 0.003*"air"



[(0, 0.91416632962544553), (1, 0.085833670374554499)]
[(0, 0.088692687323647393), (1, 0.91130731267635257)]
[(0, 0.089119791530286832), (1, 0.91088020846971318)]
[(0, 0.078631675179625313), (1, 0.92136832482037478)]
[(0, 0.096876609947438491), (1, 0.90312339005256159)]
[(0, 0.89242405873926678), (1, 0.10757594126073314)]
[(0, 0.087456310341043231), (1, 0.91254368965895682)]
[(0, 0.92987607413851825), (1, 0.070123925861481709)]
[(0, 0.91790011981491471), (1, 0.082099880185085322)]
[(0, 0.90651814733614422), (1, 0.093481852663855766)]
[(0, 0.064322034707061701), (1, 0.93567796529293834)]
[(0, 0.064634466916156944), (1, 0.93536553308384318)]
[(0, 0.9189465559968073), (1, 0.081053444003192698)]
[(0, 0.93383806617603948), (1, 0.066161933823960586)]
[(0, 0.92105955553014007), (1, 0.07894044446985983)]
[(0, 0.5366643052830693), (1, 0.4633356947169307)]
[(0, 0.92273619595906331), (1, 0.077263804040936732)]
[(0, 0.88536344229448172), (1, 0.11463655770551834)]
[(0, 0.083151746392286563), (1, 0.91684825360771338)]
[(0, 0.91761680447363947), (1, 0.082383195526360545)]
[(0, 0.92673386493351717), (1, 0.073266135066482788)]
[(0, 0.065096626339091995), (1, 0.93490337366090803)]
[(0, 0.87007314280502601), (1, 0.12992685719497393)]
[(0, 0.068868330994498003), (1, 0.93113166900550193)]
[(0, 0.88369538460244612), (1, 0.11630461539755395)]
[(0, 0.90392239585268563), (1, 0.096077604147314352)]
[(0, 0.098824561092259289), (1, 0.90117543890774077)]
[(0, 0.91155485505011102), (1, 0.088445144949889087)]
[(0, 0.92375626541001521), (1, 0.076243734589984721)]
[(0, 0.081821871724860232), (1, 0.91817812827513978)]
[(0, 0.93661911749452942), (1, 0.063380882505470595)]
[(0, 0.05951808732086409), (1, 0.94048191267913595)]

