python vslda.py
2017-11-29 16:20:47,900 : INFO : loading Dictionary object from /home/adhanindita/tugas-akhir/fnc-id/doc-to-list-try/corpus.dict
2017-11-29 16:20:47,901 : INFO : loaded /home/adhanindita/tugas-akhir/fnc-id/doc-to-list-try/corpus.dict
2017-11-29 16:20:47,901 : INFO : loaded corpus index from /home/adhanindita/tugas-akhir/fnc-id/doc-to-list-try/corpus.mm.index
2017-11-29 16:20:47,901 : INFO : initializing corpus reader from /home/adhanindita/tugas-akhir/fnc-id/doc-to-list-try/corpus.mm
2017-11-29 16:20:47,901 : INFO : accepted corpus with 32 documents, 1918 features, 2627 non-zero entries
Used files generated from first tutorial

2017-11-29 16:20:47,901 : INFO : collecting document frequencies
2017-11-29 16:20:47,901 : INFO : PROGRESS: processing document #0
2017-11-29 16:20:47,907 : INFO : calculating IDF weights for 32 documents and 1917 features (2627 matrix non-zeros)

query:  Sebarkan pesan berantai ini, jika tidak maka nyawa anda akan terancam

tfidf :  [(12, 0.42076631367338246), (119, 0.19846670409372022), (120, 0.33872214198484774), (301, 0.42076631367338246), (308, 0.7012771894556374)] 



tfidf whole corpus: 

[(0, 0.12692295995217703), (1, 0.25384591990435407), (2, 0.12692295995217703), (3, 0.20307673592348327), (4, 0.12692295995217703), (5, 0.10153836796174164), (6, 0.12692295995217703), (7, 0.055659400683404164), (8, 0.12692295995217703), (9, 0.12692295995217703), (10, 0.1733786671024606), (11, 0.25384591990435407), (12, 0.07615377597130622), (13, 0.06054961738593751), (14, 0.03910669979425771), (15, 0.10153836796174164), (16, 0.12692295995217703), (17, 0.10153836796174164), (18, 0.06798176263233237), (19, 0.06798176263233237), (20, 0.12692295995217703), (21, 0.0866893335512303), (22, 0.046455707150283576), (23, 0.0613047415607949), (24, 0.10153836796174164), (25, 0.12692295995217703), (26, 0.07615377597130622), (27, 0.12692295995217703), (28, 0.12692295995217703), (29, 0.12692295995217703), (30, 0.12692295995217703), (31, 0.12692295995217703), (32, 0.10153836796174164), (33, 0.12692295995217703), (34, 0.38076887985653113), (35, 0.0613047415607949), (36, 0.25384591990435407), (37, 0.07615377597130622), (38, 0.10153836796174164), (39, 0.25384591990435407), (40, 0.12692295995217703), (41, 0.12692295995217703), (42, 0.12692295995217703), (43, 0.10153836796174164), (44, 0.12692295995217703), (45, 0.06798176263233237), (46, 0.12692295995217703), (47, 0.12692295995217703), (48, 0.07615377597130622), (49, 0.12692295995217703), (50, 0.10153836796174164), (51, 0.06798176263233237), (52, 0.12692295995217703), (53, 0.07615377597130622)]
[(18, 0.05447272095847779), (45, 0.05447272095847779), (50, 0.08136110289568452), (51, 0.05447272095847779), (54, 0.10170137861960564), (55, 0.06946280434286178), (56, 0.05447272095847779), (57, 0.27236360479238897), (58, 0.08136110289568452), (59, 0.10170137861960564), (60, 0.05447272095847779), (61, 0.10170137861960564), (62, 0.32544441158273807), (63, 0.16272220579136903), (64, 0.24408330868705355), (65, 0.24408330868705355), (66, 0.10170137861960564), (67, 0.10170137861960564), (68, 0.10170137861960564), (69, 0.10170137861960564), (70, 0.04912252861894066), (71, 0.20340275723921128), (72, 0.10170137861960564), (73, 0.10170137861960564), (74, 0.06946280434286178), (75, 0.04068055144784226), (76, 0.06102082717176339), (77, 0.05447272095847779), (78, 0.10170137861960564), (79, 0.06102082717176339), (80, 0.06102082717176339), (81, 0.10170137861960564), (82, 0.10170137861960564), (83, 0.10170137861960564), (84, 0.10170137861960564), (85, 0.10170137861960564), (86, 0.10170137861960564), (87, 0.10170137861960564), (88, 0.06946280434286178), (89, 0.20340275723921128), (90, 0.10170137861960564), (91, 0.16272220579136903), (92, 0.10170137861960564), (93, 0.24408330868705355), (94, 0.10170137861960564), (95, 0.10170137861960564), (96, 0.10170137861960564), (97, 0.10170137861960564), (98, 0.10170137861960564), (99, 0.10170137861960564), (100, 0.10170137861960564), (101, 0.06946280434286178), (102, 0.10170137861960564), (103, 0.08919801090009373), (104, 0.10170137861960564), (105, 0.10170137861960564), (106, 0.10170137861960564), (107, 0.10170137861960564), (108, 0.10170137861960564), (109, 0.10170137861960564), (110, 0.10170137861960564), (111, 0.10170137861960564), (112, 0.20340275723921128), (113, 0.06946280434286178), (114, 0.05447272095847779), (115, 0.06102082717176339), (116, 0.10170137861960564), (117, 0.05447272095847779), (118, 0.06102082717176339)]
[(22, 0.10431325649496079), (23, 0.06882789675444048), (35, 0.06882789675444048), (80, 0.08549916526140057), (119, 0.04032817500064029), (120, 0.06882789675444048), (121, 0.07632430413237977), (122, 0.14249860876900097), (123, 0.4274958263070029), (124, 0.14249860876900097), (125, 0.45599554806080306), (126, 0.17099833052280114), (127, 0.09732761850824068), (128, 0.14249860876900097), (129, 0.14249860876900097), (130, 0.17099833052280114), (131, 0.14249860876900097), (132, 0.09732761850824068), (133, 0.14249860876900097), (134, 0.047824582378579575), (135, 0.047824582378579575), (136, 0.11399888701520076), (137, 0.11399888701520076), (138, 0.14249860876900097), (139, 0.14249860876900097), (140, 0.14249860876900097), (141, 0.14249860876900097), (142, 0.07632430413237977), (143, 0.09732761850824068), (144, 0.11399888701520076), (145, 0.09732761850824068), (146, 0.14249860876900097), (147, 0.14249860876900097), (148, 0.09732761850824068), (149, 0.14249860876900097), (150, 0.08549916526140057), (151, 0.09732761850824068), (152, 0.14249860876900097), (153, 0.09732761850824068), (154, 0.11399888701520076), (155, 0.14249860876900097), (156, 0.14249860876900097), (157, 0.14249860876900097), (158, 0.09732761850824068), (159, 0.14249860876900097)]
[(7, 0.04710911247042712), (13, 0.02562405182639673), (35, 0.2075489085184539), (56, 0.11507707458083807), (57, 0.1726156118712571), (74, 0.07337228777364387), (114, 0.23015414916167615), (134, 0.03605347664638864), (160, 0.10742530322015197), (161, 0.08594024257612158), (162, 0.10742530322015197), (163, 0.3222759096604559), (164, 0.21485060644030393), (165, 0.21485060644030393), (166, 0.08594024257612158), (167, 0.17188048515224316), (168, 0.10742530322015197), (169, 0.21485060644030393), (170, 0.08594024257612158), (171, 0.10742530322015197), (172, 0.08594024257612158), (173, 0.10742530322015197), (174, 0.10742530322015197), (175, 0.07337228777364387), (176, 0.10742530322015197), (177, 0.3222759096604559), (178, 0.21485060644030393), (179, 0.07337228777364387), (180, 0.10742530322015197), (181, 0.07337228777364387), (182, 0.10742530322015197), (183, 0.10742530322015197), (184, 0.10742530322015197), (185, 0.10742530322015197), (186, 0.10742530322015197), (187, 0.10742530322015197), (188, 0.08594024257612158), (189, 0.10742530322015197), (190, 0.10742530322015197), (191, 0.10742530322015197), (192, 0.07337228777364387), (193, 0.10742530322015197), (194, 0.10742530322015197), (195, 0.10742530322015197), (196, 0.10742530322015197), (197, 0.10742530322015197), (198, 0.10742530322015197), (199, 0.08594024257612158), (200, 0.04297012128806079), (201, 0.10742530322015197), (202, 0.10742530322015197), (203, 0.08594024257612158), (204, 0.08594024257612158), (205, 0.07337228777364387), (206, 0.07337228777364387), (207, 0.10742530322015197), (208, 0.08594024257612158), (209, 0.06445518193209118), (210, 0.10742530322015197), (211, 0.10742530322015197), (212, 0.03931927232713576)]
[(14, 0.04027098992158866), (22, 0.047838792950870485), (35, 0.06312991488744542), (213, 0.13070172804003394), (214, 0.13070172804003394), (215, 0.3921051841201018), (216, 0.3921051841201018), (217, 0.13070172804003394), (218, 0.13070172804003394), (219, 0.13070172804003394), (220, 0.13070172804003394), (221, 0.13070172804003394), (222, 0.13070172804003394), (223, 0.11463300026621841), (224, 0.10456138243202714), (225, 0.13070172804003394), (226, 0.13070172804003394), (227, 0.10456138243202714), (228, 0.13070172804003394), (229, 0.2614034560800679), (230, 0.13070172804003394), (231, 0.3921051841201018), (232, 0.2614034560800679), (233, 0.13070172804003394), (234, 0.13070172804003394), (235, 0.10456138243202714), (236, 0.13070172804003394), (237, 0.10456138243202714), (238, 0.10456138243202714), (239, 0.10456138243202714), (240, 0.08927026049545221), (241, 0.13070172804003394), (242, 0.13070172804003394), (243, 0.13070172804003394)]
[(14, 0.01900588382960626), (134, 0.020702255136565786), (150, 0.03701078912082051), (208, 0.04934771882776068), (209, 0.03701078912082051), (223, 0.027050508198843685), (244, 0.30842324267350424), (245, 0.07402157824164102), (246, 0.06168464853470085), (247, 0.06168464853470085), (248, 0.06168464853470085), (249, 0.04934771882776068), (250, 0.06168464853470085), (251, 0.06168464853470085), (252, 0.04934771882776068), (253, 0.06168464853470085), (254, 0.06168464853470085), (255, 0.06168464853470085), (256, 0.06168464853470085), (257, 0.06168464853470085), (258, 0.06168464853470085), (259, 0.3947817506220854), (260, 0.14804315648328203), (261, 0.04934771882776068), (262, 0.06168464853470085), (263, 0.06168464853470085), (264, 0.07402157824164102), (265, 0.04934771882776068), (266, 0.5551618368123076), (267, 0.06168464853470085), (268, 0.06168464853470085), (269, 0.06168464853470085), (270, 0.06168464853470085), (271, 0.04934771882776068), (272, 0.06168464853470085), (273, 0.06168464853470085), (274, 0.06168464853470085), (275, 0.18505394560410254), (276, 0.1233692970694017), (277, 0.1233692970694017), (278, 0.06168464853470085), (279, 0.1233692970694017), (280, 0.06168464853470085), (281, 0.18505394560410254), (282, 0.1233692970694017), (283, 0.06168464853470085), (284, 0.06168464853470085), (285, 0.06168464853470085), (286, 0.06168464853470085), (287, 0.06168464853470085), (288, 0.06168464853470085), (289, 0.06168464853470085), (290, 0.1233692970694017), (291, 0.04934771882776068), (292, 0.06168464853470085), (293, 0.1233692970694017), (294, 0.08426215515033567), (295, 0.06168464853470085), (296, 0.06168464853470085), (297, 0.06168464853470085), (298, 0.06168464853470085), (299, 0.04213107757516783), (300, 0.06168464853470085), (301, 0.03701078912082051), (302, 0.06168464853470085), (303, 0.06168464853470085), (304, 0.06168464853470085), (305, 0.06168464853470085), (306, 0.04934771882776068), (307, 0.06168464853470085), (308, 0.1233692970694017), (309, 0.06168464853470085), (310, 0.04934771882776068), (311, 0.06168464853470085), (312, 0.06168464853470085), (313, 0.04934771882776068), (314, 0.06168464853470085), (315, 0.06168464853470085), (316, 0.06168464853470085), (317, 0.06168464853470085), (318, 0.06168464853470085), (319, 0.06168464853470085), (320, 0.06168464853470085), (321, 0.06168464853470085)]
[(18, 0.0421431547629489), (22, 0.02879875396354464), (51, 0.0421431547629489), (55, 0.0537403247383416), (57, 0.0421431547629489), (58, 0.06294551641051085), (60, 0.0421431547629489), (75, 0.03147275820525543), (80, 0.04720913730788314), (103, 0.06900858836802445), (115, 0.09441827461576628), (117, 0.0421431547629489), (126, 0.14162741192364942), (130, 0.04720913730788314), (134, 0.026406775660321187), (135, 0.052813551320642374), (181, 0.0537403247383416), (200, 0.03147275820525543), (245, 0.04720913730788314), (322, 0.07868189551313856), (323, 0.07868189551313856), (324, 0.07868189551313856), (325, 0.07868189551313856), (326, 0.06294551641051085), (327, 0.07868189551313856), (328, 0.07868189551313856), (329, 0.4299225979067328), (330, 0.07868189551313856), (331, 0.07868189551313856), (332, 0.15736379102627712), (333, 0.07600789127142778), (334, 0.07868189551313856), (335, 0.07868189551313856), (336, 0.07868189551313856), (337, 0.07868189551313856), (338, 0.15736379102627712), (339, 0.07868189551313856), (340, 0.07868189551313856), (341, 0.06294551641051085), (342, 0.07868189551313856), (343, 0.07868189551313856), (344, 0.026406775660321187), (345, 0.15736379102627712), (346, 0.0421431547629489), (347, 0.15736379102627712), (348, 0.07868189551313856), (349, 0.07868189551313856), (350, 0.07868189551313856), (351, 0.07868189551313856), (352, 0.06294551641051085), (353, 0.07868189551313856), (354, 0.07868189551313856), (355, 0.07868189551313856), (356, 0.07868189551313856), (357, 0.07868189551313856), (358, 0.07868189551313856), (359, 0.07868189551313856), (360, 0.07868189551313856), (361, 0.07868189551313856), (362, 0.07868189551313856), (363, 0.07868189551313856), (364, 0.07868189551313856), (365, 0.07868189551313856), (366, 0.23604568653941568), (367, 0.07868189551313856), (368, 0.07868189551313856), (369, 0.07868189551313856), (370, 0.07868189551313856), (371, 0.06294551641051085), (372, 0.07868189551313856), (373, 0.07868189551313856), (374, 0.07868189551313856), (375, 0.07868189551313856), (376, 0.15736379102627712), (377, 0.1258910328210217), (378, 0.07868189551313856), (379, 0.04720913730788314), (380, 0.07868189551313856), (381, 0.07868189551313856), (382, 0.07868189551313856), (383, 0.07868189551313856), (384, 0.07868189551313856), (385, 0.07868189551313856), (386, 0.07868189551313856), (387, 0.07868189551313856), (388, 0.07868189551313856), (389, 0.07868189551313856), (390, 0.07868189551313856), (391, 0.06294551641051085), (392, 0.07868189551313856), (393, 0.15736379102627712), (394, 0.15736379102627712), (395, 0.07868189551313856), (396, 0.07868189551313856), (397, 0.07868189551313856), (398, 0.07868189551313856), (399, 0.04720913730788314), (400, 0.07868189551313856), (401, 0.06294551641051085), (402, 0.07868189551313856), (403, 0.07868189551313856), (404, 0.07868189551313856), (405, 0.07868189551313856), (406, 0.07868189551313856), (407, 0.07868189551313856), (408, 0.07868189551313856), (409, 0.07868189551313856), (410, 0.1258910328210217), (411, 0.07868189551313856), (412, 0.07868189551313856), (413, 0.06294551641051085), (414, 0.07868189551313856), (415, 0.07868189551313856), (416, 0.0537403247383416), (417, 0.07868189551313856)]
[(13, 0.02524235861310224), (14, 0.03260616278017461), (63, 0.0846600856531483), (113, 0.07227934179941507), (223, 0.09281476005277862), (227, 0.1693201713062966), (239, 0.0846600856531483), (264, 0.06349506423986122), (291, 0.0846600856531483), (310, 0.0846600856531483), (391, 0.0846600856531483), (418, 0.1693201713062966), (419, 0.10582510706643536), (420, 0.10582510706643536), (421, 0.0846600856531483), (422, 0.3174753211993061), (423, 0.10582510706643536), (424, 0.0846600856531483), (425, 0.10582510706643536), (426, 0.10582510706643536), (427, 0.10582510706643536), (428, 0.10582510706643536), (429, 0.10582510706643536), (430, 0.10582510706643536), (431, 0.21165021413287072), (432, 0.10582510706643536), (433, 0.10582510706643536), (434, 0.10582510706643536), (435, 0.10582510706643536), (436, 0.21165021413287072), (437, 0.10582510706643536), (438, 0.10582510706643536), (439, 0.06349506423986122), (440, 0.10582510706643536), (441, 0.10582510706643536), (442, 0.10582510706643536), (443, 0.10582510706643536), (444, 0.10582510706643536), (445, 0.10582510706643536), (446, 0.10582510706643536), (447, 0.10582510706643536), (448, 0.10582510706643536), (449, 0.10582510706643536), (450, 0.21165021413287072), (451, 0.21165021413287072), (452, 0.1693201713062966), (453, 0.10582510706643536), (454, 0.0846600856531483), (455, 0.10582510706643536), (456, 0.10582510706643536), (457, 0.10582510706643536), (458, 0.10582510706643536), (459, 0.10582510706643536), (460, 0.10582510706643536), (461, 0.10582510706643536), (462, 0.0846600856531483), (463, 0.10582510706643536), (464, 0.10582510706643536), (465, 0.10582510706643536), (466, 0.10582510706643536), (467, 0.10582510706643536), (468, 0.0846600856531483), (469, 0.0846600856531483), (470, 0.10582510706643536), (471, 0.10582510706643536), (472, 0.10582510706643536), (473, 0.10582510706643536), (474, 0.10582510706643536), (475, 0.10582510706643536), (476, 0.07227934179941507), (477, 0.10582510706643536), (478, 0.10582510706643536), (479, 0.10582510706643536)]
[(7, 0.05805924203902655), (13, 0.09474046202483082), (18, 0.07091290172815487), (76, 0.07943726409224885), (80, 0.1588745281844977), (103, 0.05805924203902655), (119, 0.1124067075306489), (120, 0.12789598108193184), (121, 0.07091290172815487), (144, 0.10591635212299846), (223, 0.05805924203902655), (245, 0.07943726409224885), (480, 0.13239544015374807), (481, 0.07943726409224885), (482, 0.13239544015374807), (483, 0.09042707857171554), (484, 0.26479088030749615), (485, 0.26479088030749615), (486, 0.26479088030749615), (487, 0.13239544015374807), (488, 0.26479088030749615), (489, 0.13239544015374807), (490, 0.13239544015374807), (491, 0.13239544015374807), (492, 0.26479088030749615), (493, 0.26479088030749615), (494, 0.09042707857171554), (495, 0.13239544015374807), (496, 0.07943726409224885), (497, 0.13239544015374807), (498, 0.13239544015374807), (499, 0.13239544015374807), (500, 0.13239544015374807), (501, 0.13239544015374807), (502, 0.13239544015374807), (503, 0.13239544015374807), (504, 0.13239544015374807), (505, 0.13239544015374807), (506, 0.13239544015374807), (507, 0.13239544015374807), (508, 0.13239544015374807), (509, 0.10591635212299846), (510, 0.13239544015374807), (511, 0.13239544015374807), (512, 0.13239544015374807), (513, 0.13239544015374807), (514, 0.10591635212299846), (515, 0.13239544015374807)]
[(12, 0.07464706911058266), (13, 0.029675819852520754), (14, 0.03833297147772005), (26, 0.07464706911058266), (45, 0.06663673952801762), (75, 0.04976471274038844), (77, 0.06663673952801762), (119, 0.1056284020027339), (161, 0.09952942548077688), (166, 0.09952942548077688), (301, 0.07464706911058266), (313, 0.09952942548077688), (481, 0.07464706911058266), (516, 0.1244117818509711), (517, 0.1244117818509711), (518, 0.1244117818509711), (519, 0.1244117818509711), (520, 0.19905885096155376), (521, 0.6220589092548555), (522, 0.1244117818509711), (523, 0.07464706911058266), (524, 0.060091823704438864), (525, 0.1244117818509711), (526, 0.09952942548077688), (527, 0.1244117818509711), (528, 0.1244117818509711), (529, 0.06663673952801762), (530, 0.1244117818509711), (531, 0.1244117818509711), (532, 0.09952942548077688), (533, 0.1244117818509711), (534, 0.1244117818509711), (535, 0.2488235637019422), (536, 0.1244117818509711), (537, 0.1244117818509711), (538, 0.1244117818509711), (539, 0.09952942548077688), (540, 0.1244117818509711), (541, 0.09952942548077688), (542, 0.1244117818509711), (543, 0.1244117818509711), (544, 0.2488235637019422), (545, 0.1244117818509711), (546, 0.09952942548077688), (547, 0.1244117818509711)]
[(14, 0.04256753404305717), (118, 0.04144658675138222), (119, 0.13684644043074562), (120, 0.2001901224434036), (143, 0.3774443945948907), (150, 0.04144658675138222), (175, 0.04718054932436134), (199, 0.05526211566850963), (200, 0.08289317350276444), (209, 0.04144658675138222), (264, 0.04144658675138222), (329, 0.04718054932436134), (333, 0.03336502040723393), (514, 0.05526211566850963), (523, 0.04144658675138222), (548, 0.06907764458563703), (549, 0.20723293375691113), (550, 0.3453882229281852), (551, 0.06907764458563703), (552, 0.13815528917127406), (553, 0.20723293375691113), (554, 0.04144658675138222), (555, 0.09436109864872268), (556, 0.06907764458563703), (557, 0.06907764458563703), (558, 0.06907764458563703), (559, 0.06907764458563703), (560, 0.14154164797308402), (561, 0.4835435120994593), (562, 0.06907764458563703), (563, 0.06907764458563703), (564, 0.06907764458563703), (565, 0.06907764458563703), (566, 0.06907764458563703), (567, 0.03336502040723393), (568, 0.06907764458563703), (569, 0.06907764458563703), (570, 0.06907764458563703), (571, 0.06907764458563703), (572, 0.06907764458563703), (573, 0.06907764458563703), (574, 0.06907764458563703), (575, 0.04718054932436134), (576, 0.06907764458563703), (577, 0.06907764458563703), (578, 0.06907764458563703), (579, 0.06907764458563703), (580, 0.06907764458563703), (581, 0.06907764458563703), (582, 0.06907764458563703), (583, 0.14154164797308402), (584, 0.13815528917127406), (585, 0.13815528917127406), (586, 0.06907764458563703), (587, 0.06907764458563703), (588, 0.11052423133701926), (589, 0.027631057834254815), (590, 0.06907764458563703), (591, 0.05526211566850963), (592, 0.06907764458563703), (593, 0.06907764458563703), (594, 0.06907764458563703), (595, 0.06907764458563703), (596, 0.06907764458563703), (597, 0.06907764458563703), (598, 0.05526211566850963), (599, 0.06907764458563703), (600, 0.06907764458563703), (601, 0.06907764458563703), (602, 0.06907764458563703), (603, 0.06907764458563703), (604, 0.06907764458563703), (605, 0.06907764458563703), (606, 0.06907764458563703)]
[(37, 0.07381104890415188), (51, 0.0658904321190347), (64, 0.29524419561660753), (70, 0.05941881698821047), (153, 0.0840224999562611), (179, 0.0840224999562611), (209, 0.07381104890415188), (476, 0.0840224999562611), (494, 0.1680449999125222), (589, 0.049207365936101255), (607, 0.0840224999562611), (608, 0.12301841484025314), (609, 0.12301841484025314), (610, 0.12301841484025314), (611, 0.12301841484025314), (612, 0.12301841484025314), (613, 0.12301841484025314), (614, 0.24603682968050627), (615, 0.12301841484025314), (616, 0.24603682968050627), (617, 0.12301841484025314), (618, 0.12301841484025314), (619, 0.0840224999562611), (620, 0.0658904321190347), (621, 0.0840224999562611), (622, 0.12301841484025314), (623, 0.12301841484025314), (624, 0.12301841484025314), (625, 0.0840224999562611), (626, 0.12301841484025314), (627, 0.0840224999562611), (628, 0.09841473187220251), (629, 0.12301841484025314), (630, 0.12301841484025314), (631, 0.12301841484025314), (632, 0.0658904321190347), (633, 0.12301841484025314), (634, 0.12301841484025314), (635, 0.12301841484025314), (636, 0.12301841484025314), (637, 0.12301841484025314), (638, 0.0840224999562611), (639, 0.12301841484025314), (640, 0.12301841484025314), (641, 0.12301841484025314), (642, 0.12301841484025314), (643, 0.12301841484025314), (644, 0.12301841484025314), (645, 0.12301841484025314), (646, 0.12301841484025314), (647, 0.12301841484025314), (648, 0.12301841484025314), (649, 0.12301841484025314), (650, 0.12301841484025314), (651, 0.12301841484025314), (652, 0.12301841484025314), (653, 0.12301841484025314), (654, 0.12301841484025314), (655, 0.12301841484025314), (656, 0.12301841484025314), (657, 0.12301841484025314), (658, 0.12301841484025314), (659, 0.12301841484025314), (660, 0.09841473187220251), (661, 0.12301841484025314)]
[(13, 0.08763476638373759), (114, 0.09839147039800746), (119, 0.10397601345697179), (120, 0.0887276738786363), (134, 0.061651803247857066), (142, 0.09839147039800746), (203, 0.14695866860060158), (252, 0.14695866860060158), (294, 0.12546734102878668), (399, 0.11021900145045117), (483, 0.12546734102878668), (524, 0.0887276738786363), (662, 0.11021900145045117), (663, 0.18369833575075198), (664, 0.18369833575075198), (665, 0.18369833575075198), (666, 0.18369833575075198), (667, 0.18369833575075198), (668, 0.18369833575075198), (669, 0.18369833575075198), (670, 0.18369833575075198), (671, 0.18369833575075198), (672, 0.18369833575075198), (673, 0.18369833575075198), (674, 0.18369833575075198), (675, 0.18369833575075198), (676, 0.18369833575075198), (677, 0.18369833575075198), (678, 0.18369833575075198), (679, 0.18369833575075198), (680, 0.18369833575075198), (681, 0.18369833575075198), (682, 0.18369833575075198), (683, 0.18369833575075198), (684, 0.18369833575075198), (685, 0.18369833575075198), (686, 0.18369833575075198), (687, 0.18369833575075198)]
[(7, 0.039670676251395115), (32, 0.07237044727480026), (75, 0.03618522363740013), (76, 0.054277835456100196), (103, 0.039670676251395115), (117, 0.04845331540176951), (119, 0.07680517255006857), (134, 0.030360703583069443), (135, 0.09108211074920833), (200, 0.07237044727480026), (333, 0.04369433600205626), (341, 0.07237044727480026), (344, 0.030360703583069443), (418, 0.07237044727480026), (494, 0.061786947820756326), (560, 0.061786947820756326), (688, 0.09046305909350032), (689, 0.36185223637400127), (690, 0.18536084346226897), (691, 0.21711134182440078), (692, 0.36185223637400127), (693, 0.09046305909350032), (694, 0.09046305909350032), (695, 0.09046305909350032), (696, 0.09046305909350032), (697, 0.07237044727480026), (698, 0.09046305909350032), (699, 0.09046305909350032), (700, 0.09046305909350032), (701, 0.18092611818700063), (702, 0.09046305909350032), (703, 0.09046305909350032), (704, 0.18092611818700063), (705, 0.18092611818700063), (706, 0.18092611818700063), (707, 0.18092611818700063), (708, 0.18092611818700063), (709, 0.18092611818700063), (710, 0.09046305909350032), (711, 0.09046305909350032), (712, 0.09046305909350032), (713, 0.18092611818700063), (714, 0.18092611818700063), (715, 0.07237044727480026), (716, 0.09046305909350032), (717, 0.09046305909350032), (718, 0.09046305909350032), (719, 0.09046305909350032), (720, 0.09046305909350032), (721, 0.09046305909350032), (722, 0.07237044727480026), (723, 0.18092611818700063), (724, 0.09046305909350032), (725, 0.09046305909350032), (726, 0.09046305909350032), (727, 0.09046305909350032), (728, 0.09046305909350032), (729, 0.09046305909350032), (730, 0.09046305909350032), (731, 0.10855567091220039), (732, 0.09046305909350032), (733, 0.09046305909350032), (734, 0.09046305909350032), (735, 0.09046305909350032)]
[(14, 0.02396706244050479), (26, 0.046671857082977705), (70, 0.03757142833879136), (75, 0.06222914277730361), (77, 0.041663529737784956), (79, 0.046671857082977705), (88, 0.05312871403311726), (101, 0.05312871403311726), (103, 0.06822321180761468), (118, 0.14001557124893313), (200, 0.031114571388651806), (205, 0.15938614209935179), (206, 0.10625742806623452), (240, 0.05312871403311726), (346, 0.041663529737784956), (379, 0.046671857082977705), (399, 0.046671857082977705), (524, 0.03757142833879136), (529, 0.041663529737784956), (554, 0.046671857082977705), (567, 0.03757142833879136), (575, 0.10625742806623452), (583, 0.05312871403311726), (589, 0.09334371416595541), (619, 0.05312871403311726), (620, 0.041663529737784956), (621, 0.15938614209935179), (625, 0.05312871403311726), (662, 0.046671857082977705), (722, 0.06222914277730361), (731, 0.09334371416595541), (736, 0.15938614209935179), (737, 0.07778642847162952), (738, 0.07778642847162952), (739, 0.18668742833191082), (740, 0.15557285694325904), (741, 0.12445828555460722), (742, 0.07778642847162952), (743, 0.07778642847162952), (744, 0.07778642847162952), (745, 0.31114571388651807), (746, 0.07778642847162952), (747, 0.07778642847162952), (748, 0.12445828555460722), (749, 0.07778642847162952), (750, 0.12445828555460722), (751, 0.07778642847162952), (752, 0.06222914277730361), (753, 0.06222914277730361), (754, 0.06222914277730361), (755, 0.06222914277730361), (756, 0.18668742833191082), (757, 0.07778642847162952), (758, 0.06222914277730361), (759, 0.031114571388651806), (760, 0.06222914277730361), (761, 0.12445828555460722), (762, 0.06222914277730361), (763, 0.06222914277730361), (764, 0.06222914277730361), (765, 0.06222914277730361), (766, 0.06222914277730361), (767, 0.18668742833191082), (768, 0.07778642847162952), (769, 0.07778642847162952), (770, 0.15557285694325904), (771, 0.07778642847162952), (772, 0.07778642847162952), (773, 0.06222914277730361), (774, 0.07778642847162952), (775, 0.07778642847162952), (776, 0.05312871403311726), (777, 0.12445828555460722), (778, 0.06222914277730361), (779, 0.06222914277730361), (780, 0.06222914277730361), (781, 0.06222914277730361), (782, 0.06222914277730361), (783, 0.06222914277730361), (784, 0.03411160590380734), (785, 0.06222914277730361), (786, 0.06222914277730361), (787, 0.06222914277730361), (788, 0.06222914277730361), (789, 0.06222914277730361), (790, 0.06222914277730361), (791, 0.06222914277730361), (792, 0.06222914277730361), (793, 0.06222914277730361), (794, 0.12445828555460722), (795, 0.06222914277730361), (796, 0.07778642847162952), (797, 0.05312871403311726), (798, 0.06222914277730361), (799, 0.06222914277730361), (800, 0.046671857082977705), (801, 0.06222914277730361), (802, 0.06222914277730361), (803, 0.06222914277730361), (804, 0.06222914277730361), (805, 0.06222914277730361), (806, 0.06222914277730361), (807, 0.06222914277730361), (808, 0.06222914277730361), (809, 0.05312871403311726), (810, 0.12445828555460722), (811, 0.12445828555460722), (812, 0.06222914277730361), (813, 0.06222914277730361), (814, 0.06222914277730361), (815, 0.06222914277730361), (816, 0.06222914277730361), (817, 0.046671857082977705), (818, 0.06222914277730361), (819, 0.06222914277730361), (820, 0.046671857082977705), (821, 0.06222914277730361), (822, 0.06222914277730361), (823, 0.06222914277730361), (824, 0.06222914277730361), (825, 0.06222914277730361), (826, 0.06222914277730361), (827, 0.12445828555460722), (828, 0.06222914277730361), (829, 0.06222914277730361), (830, 0.06222914277730361), (831, 0.06222914277730361), (832, 0.06222914277730361), (833, 0.06222914277730361), (834, 0.06222914277730361), (835, 0.06222914277730361), (836, 0.046671857082977705), (837, 0.07778642847162952), (838, 0.06222914277730361), (839, 0.06222914277730361), (840, 0.06222914277730361), (841, 0.06222914277730361), (842, 0.07778642847162952), (843, 0.06222914277730361), (844, 0.06222914277730361), (845, 0.06222914277730361), (846, 0.06222914277730361), (847, 0.05312871403311726), (848, 0.05312871403311726), (849, 0.05312871403311726), (850, 0.06222914277730361), (851, 0.07778642847162952), (852, 0.06222914277730361), (853, 0.06222914277730361)]
[(13, 0.016514940419399875), (14, 0.021332746431243978), (18, 0.037084123994464785), (26, 0.04154196598343955), (70, 0.03344180188125755), (75, 0.0553892879779194), (77, 0.037084123994464785), (79, 0.04154196598343955), (88, 0.0472891238757374), (101, 0.0472891238757374), (103, 0.060724524827759446), (117, 0.037084123994464785), (118, 0.0830839319668791), (119, 0.07837791954711079), (142, 0.037084123994464785), (148, 0.0472891238757374), (200, 0.0830839319668791), (205, 0.14186737162721222), (206, 0.14186737162721222), (240, 0.0945782477514748), (333, 0.03344180188125755), (346, 0.037084123994464785), (379, 0.04154196598343955), (523, 0.04154196598343955), (524, 0.0668836037625151), (526, 0.0553892879779194), (529, 0.037084123994464785), (554, 0.04154196598343955), (575, 0.0945782477514748), (583, 0.0472891238757374), (619, 0.0472891238757374), (620, 0.037084123994464785), (621, 0.0945782477514748), (625, 0.0472891238757374), (662, 0.04154196598343955), (690, 0.14186737162721222), (731, 0.0830839319668791), (736, 0.0945782477514748), (741, 0.0553892879779194), (745, 0.276946439889597), (748, 0.0553892879779194), (750, 0.1107785759558388), (752, 0.0553892879779194), (753, 0.0553892879779194), (754, 0.0553892879779194), (755, 0.0553892879779194), (756, 0.2492517959006373), (758, 0.0553892879779194), (760, 0.0553892879779194), (761, 0.1107785759558388), (762, 0.0553892879779194), (763, 0.0553892879779194), (764, 0.0553892879779194), (765, 0.0553892879779194), (766, 0.0553892879779194), (767, 0.38772501584543584), (777, 0.1107785759558388), (778, 0.0553892879779194), (779, 0.0553892879779194), (780, 0.0553892879779194), (781, 0.0553892879779194), (782, 0.0553892879779194), (783, 0.0553892879779194), (784, 0.030362262413879723), (785, 0.0553892879779194), (786, 0.0553892879779194), (787, 0.0553892879779194), (788, 0.0553892879779194), (789, 0.0553892879779194), (790, 0.0553892879779194), (791, 0.0553892879779194), (792, 0.0553892879779194), (793, 0.0553892879779194), (794, 0.1107785759558388), (795, 0.0553892879779194), (797, 0.0472891238757374), (798, 0.1107785759558388), (799, 0.0553892879779194), (800, 0.0830839319668791), (801, 0.0553892879779194), (802, 0.0553892879779194), (803, 0.0553892879779194), (804, 0.0553892879779194), (805, 0.0553892879779194), (806, 0.0553892879779194), (807, 0.0553892879779194), (808, 0.0553892879779194), (809, 0.0472891238757374), (810, 0.1107785759558388), (811, 0.1107785759558388), (812, 0.0553892879779194), (813, 0.1107785759558388), (814, 0.0553892879779194), (815, 0.0553892879779194), (816, 0.0553892879779194), (817, 0.04154196598343955), (818, 0.0553892879779194), (819, 0.0553892879779194), (820, 0.04154196598343955), (821, 0.0553892879779194), (822, 0.0553892879779194), (823, 0.0553892879779194), (824, 0.0553892879779194), (825, 0.0553892879779194), (826, 0.0553892879779194), (827, 0.1107785759558388), (828, 0.0553892879779194), (829, 0.0553892879779194), (830, 0.0553892879779194), (831, 0.0553892879779194), (832, 0.0553892879779194), (833, 0.0553892879779194), (834, 0.0553892879779194), (835, 0.0553892879779194), (836, 0.04154196598343955), (838, 0.0553892879779194), (839, 0.0553892879779194), (840, 0.0553892879779194), (841, 0.0553892879779194), (843, 0.0553892879779194), (844, 0.0553892879779194), (845, 0.0553892879779194), (846, 0.0553892879779194), (847, 0.0472891238757374), (848, 0.0472891238757374), (849, 0.0472891238757374), (850, 0.0553892879779194), (852, 0.0553892879779194), (853, 0.0553892879779194), (854, 0.06923660997239925), (855, 0.04154196598343955), (856, 0.2215571519116776), (857, 0.06923660997239925), (858, 0.06923660997239925), (859, 0.06923660997239925), (860, 0.06923660997239925), (861, 0.06923660997239925), (862, 0.06923660997239925), (863, 0.06923660997239925), (864, 0.06923660997239925), (865, 0.06923660997239925), (866, 0.06923660997239925), (867, 0.0553892879779194), (868, 0.06923660997239925), (869, 0.06923660997239925), (870, 0.06923660997239925), (871, 0.06923660997239925), (872, 0.0472891238757374), (873, 0.06923660997239925), (874, 0.06923660997239925), (875, 0.06923660997239925), (876, 0.06923660997239925), (877, 0.06923660997239925), (878, 0.06923660997239925), (879, 0.06923660997239925), (880, 0.0472891238757374), (881, 0.06923660997239925), (882, 0.06923660997239925), (883, 0.06923660997239925), (884, 0.0553892879779194), (885, 0.06923660997239925), (886, 0.06923660997239925)]
[(13, 0.014414275692977232), (19, 0.03236710357494538), (22, 0.022118236226276136), (23, 0.029188076962126126), (37, 0.036257917697976115), (51, 0.03236710357494538), (53, 0.036257917697976115), (56, 0.03236710357494538), (114, 0.1618355178747269), (115, 0.036257917697976115), (126, 0.036257917697976115), (135, 0.020281131008953335), (151, 0.04127404952811817), (154, 0.04834389026396815), (158, 0.04127404952811817), (223, 0.02650024825896927), (264, 0.036257917697976115), (344, 0.020281131008953335), (346, 0.09710131072483612), (476, 0.04127404952811817), (555, 0.04127404952811817), (589, 0.16920361592388855), (691, 0.0966877805279363), (697, 0.04834389026396815), (759, 0.07251583539595223), (887, 0.02650024825896927), (888, 0.04127404952811817), (889, 0.06042986282996019), (890, 0.4230090398097214), (891, 0.18128958848988058), (892, 0.28891834669682714), (893, 0.06042986282996019), (894, 0.06042986282996019), (895, 0.06042986282996019), (896, 0.06042986282996019), (897, 0.06042986282996019), (898, 0.06042986282996019), (899, 0.30214931414980095), (900, 0.18128958848988058), (901, 0.06042986282996019), (902, 0.04834389026396815), (903, 0.12085972565992038), (904, 0.2900633415838089), (905, 0.12085972565992038), (906, 0.1933755610558726), (907, 0.06042986282996019), (908, 0.06042986282996019), (909, 0.06042986282996019), (910, 0.24171945131984077), (911, 0.04834389026396815), (912, 0.06042986282996019), (913, 0.06042986282996019), (914, 0.06042986282996019), (915, 0.06042986282996019), (916, 0.04834389026396815), (917, 0.06042986282996019), (918, 0.06042986282996019), (919, 0.04834389026396815), (920, 0.06042986282996019), (921, 0.03236710357494538), (922, 0.06042986282996019), (923, 0.06042986282996019), (924, 0.06042986282996019), (925, 0.06042986282996019), (926, 0.06042986282996019), (927, 0.04127404952811817), (928, 0.06042986282996019), (929, 0.06042986282996019), (930, 0.06042986282996019), (931, 0.06042986282996019), (932, 0.06042986282996019), (933, 0.06042986282996019), (934, 0.06042986282996019), (935, 0.04834389026396815), (936, 0.03236710357494538), (937, 0.06042986282996019), (938, 0.06042986282996019), (939, 0.18128958848988058), (940, 0.06042986282996019), (941, 0.12085972565992038), (942, 0.06042986282996019), (943, 0.06042986282996019), (944, 0.12085972565992038), (945, 0.06042986282996019), (946, 0.06042986282996019), (947, 0.06042986282996019), (948, 0.06042986282996019), (949, 0.06042986282996019), (950, 0.06042986282996019), (951, 0.04834389026396815), (952, 0.04834389026396815), (953, 0.06042986282996019), (954, 0.06042986282996019), (955, 0.06042986282996019), (956, 0.04834389026396815), (957, 0.04834389026396815), (958, 0.06042986282996019), (959, 0.06042986282996019), (960, 0.06042986282996019), (961, 0.06042986282996019), (962, 0.06042986282996019)]
[(7, 0.03853149855816491), (22, 0.06432006062233456), (23, 0.042439615447795544), (24, 0.14058453489179681), (70, 0.042439615447795544), (115, 0.1054384011688476), (119, 0.02486654858632094), (135, 0.11795547914762579), (142, 0.04706193664838105), (151, 0.06001268230927014), (200, 0.035146133722949204), (212, 0.03216003031116728), (235, 0.07029226744589841), (237, 0.07029226744589841), (249, 0.2108768023376952), (294, 0.06001268230927014), (329, 0.06001268230927014), (333, 0.042439615447795544), (344, 0.029488869786906447), (399, 0.0527192005844238), (496, 0.1054384011688476), (620, 0.0941238732967621), (638, 0.06001268230927014), (773, 0.4217536046753904), (784, 0.03853149855816491), (797, 0.06001268230927014), (836, 0.0527192005844238), (872, 0.06001268230927014), (887, 0.03853149855816491), (921, 0.04706193664838105), (952, 0.07029226744589841), (963, 0.087865334307373), (964, 0.087865334307373), (965, 0.087865334307373), (966, 0.087865334307373), (967, 0.087865334307373), (968, 0.087865334307373), (969, 0.087865334307373), (970, 0.175730668614746), (971, 0.087865334307373), (972, 0.087865334307373), (973, 0.087865334307373), (974, 0.087865334307373), (975, 0.351461337229492), (976, 0.087865334307373), (977, 0.06001268230927014), (978, 0.07029226744589841), (979, 0.087865334307373), (980, 0.087865334307373), (981, 0.087865334307373), (982, 0.087865334307373), (983, 0.087865334307373), (984, 0.07029226744589841), (985, 0.087865334307373), (986, 0.087865334307373), (987, 0.087865334307373), (988, 0.087865334307373), (989, 0.087865334307373), (990, 0.087865334307373), (991, 0.087865334307373), (992, 0.263596002922119), (993, 0.087865334307373), (994, 0.087865334307373), (995, 0.087865334307373), (996, 0.087865334307373), (997, 0.087865334307373), (998, 0.087865334307373), (999, 0.087865334307373), (1000, 0.087865334307373), (1001, 0.087865334307373), (1002, 0.087865334307373), (1003, 0.087865334307373), (1004, 0.087865334307373), (1005, 0.07029226744589841), (1006, 0.087865334307373), (1007, 0.087865334307373), (1008, 0.087865334307373), (1009, 0.087865334307373), (1010, 0.087865334307373), (1011, 0.087865334307373), (1012, 0.087865334307373), (1013, 0.087865334307373), (1014, 0.087865334307373), (1015, 0.07029226744589841), (1016, 0.087865334307373), (1017, 0.087865334307373), (1018, 0.087865334307373), (1019, 0.087865334307373), (1020, 0.087865334307373), (1021, 0.087865334307373), (1022, 0.087865334307373)]
[(5, 0.0455974451208851), (12, 0.03419808384066383), (14, 0.01756149555603916), (45, 0.03052830918078943), (55, 0.07785849247956589), (57, 0.03052830918078943), (60, 0.06105661836157886), (79, 0.06839616768132765), (91, 0.1367923353626553), (103, 0.17496327381935015), (113, 0.038929246239782944), (117, 0.03052830918078943), (126, 0.03419808384066383), (130, 0.03419808384066383), (135, 0.01912894790056815), (143, 0.038929246239782944), (150, 0.03419808384066383), (158, 0.038929246239782944), (172, 0.2279872256044255), (259, 0.0455974451208851), (371, 0.0455974451208851), (379, 0.03419808384066383), (410, 0.0911948902417702), (496, 0.03419808384066383), (509, 0.0455974451208851), (539, 0.2279872256044255), (632, 0.03052830918078943), (690, 0.038929246239782944), (715, 0.0911948902417702), (731, 0.06839616768132765), (784, 0.024994753402764306), (809, 0.038929246239782944), (977, 0.038929246239782944), (978, 0.0455974451208851), (1023, 0.056996806401106374), (1024, 0.056996806401106374), (1025, 0.056996806401106374), (1026, 0.056996806401106374), (1027, 0.056996806401106374), (1028, 0.11399361280221275), (1029, 0.11399361280221275), (1030, 0.056996806401106374), (1031, 0.056996806401106374), (1032, 0.056996806401106374), (1033, 0.056996806401106374), (1034, 0.056996806401106374), (1035, 0.056996806401106374), (1036, 0.056996806401106374), (1037, 0.28498403200553185), (1038, 0.28498403200553185), (1039, 0.056996806401106374), (1040, 0.0455974451208851), (1041, 0.056996806401106374), (1042, 0.056996806401106374), (1043, 0.056996806401106374), (1044, 0.0455974451208851), (1045, 0.056996806401106374), (1046, 0.056996806401106374), (1047, 0.056996806401106374), (1048, 0.11399361280221275), (1049, 0.11399361280221275), (1050, 0.056996806401106374), (1051, 0.11399361280221275), (1052, 0.056996806401106374), (1053, 0.056996806401106374), (1054, 0.056996806401106374), (1055, 0.056996806401106374), (1056, 0.11678773871934883), (1057, 0.056996806401106374), (1058, 0.056996806401106374), (1059, 0.056996806401106374), (1060, 0.056996806401106374), (1061, 0.056996806401106374), (1062, 0.17099041920331912), (1063, 0.056996806401106374), (1064, 0.056996806401106374), (1065, 0.056996806401106374), (1066, 0.056996806401106374), (1067, 0.056996806401106374), (1068, 0.056996806401106374), (1069, 0.056996806401106374), (1070, 0.056996806401106374), (1071, 0.056996806401106374), (1072, 0.056996806401106374), (1073, 0.056996806401106374), (1074, 0.056996806401106374), (1075, 0.056996806401106374), (1076, 0.056996806401106374), (1077, 0.056996806401106374), (1078, 0.056996806401106374), (1079, 0.056996806401106374), (1080, 0.11399361280221275), (1081, 0.056996806401106374), (1082, 0.056996806401106374), (1083, 0.056996806401106374), (1084, 0.056996806401106374), (1085, 0.1367923353626553), (1086, 0.056996806401106374), (1087, 0.056996806401106374), (1088, 0.056996806401106374), (1089, 0.056996806401106374), (1090, 0.056996806401106374), (1091, 0.056996806401106374), (1092, 0.056996806401106374), (1093, 0.056996806401106374), (1094, 0.056996806401106374), (1095, 0.0455974451208851), (1096, 0.056996806401106374), (1097, 0.056996806401106374), (1098, 0.056996806401106374), (1099, 0.056996806401106374), (1100, 0.056996806401106374), (1101, 0.056996806401106374), (1102, 0.056996806401106374), (1103, 0.056996806401106374), (1104, 0.056996806401106374), (1105, 0.056996806401106374), (1106, 0.056996806401106374), (1107, 0.056996806401106374), (1108, 0.056996806401106374), (1109, 0.0455974451208851), (1110, 0.056996806401106374), (1111, 0.1367923353626553), (1112, 0.056996806401106374), (1113, 0.056996806401106374), (1114, 0.056996806401106374), (1115, 0.056996806401106374), (1116, 0.056996806401106374), (1117, 0.056996806401106374), (1118, 0.056996806401106374), (1119, 0.056996806401106374), (1120, 0.17099041920331912), (1121, 0.056996806401106374), (1122, 0.056996806401106374), (1123, 0.056996806401106374), (1124, 0.056996806401106374), (1125, 0.056996806401106374), (1126, 0.11399361280221275), (1127, 0.056996806401106374), (1128, 0.056996806401106374), (1129, 0.056996806401106374), (1130, 0.056996806401106374), (1131, 0.056996806401106374), (1132, 0.056996806401106374), (1133, 0.056996806401106374), (1134, 0.056996806401106374), (1135, 0.056996806401106374), (1136, 0.056996806401106374), (1137, 0.056996806401106374), (1138, 0.056996806401106374), (1139, 0.056996806401106374), (1140, 0.056996806401106374), (1141, 0.056996806401106374), (1142, 0.056996806401106374), (1143, 0.056996806401106374), (1144, 0.0455974451208851), (1145, 0.056996806401106374), (1146, 0.056996806401106374), (1147, 0.056996806401106374), (1148, 0.056996806401106374), (1149, 0.056996806401106374), (1150, 0.056996806401106374), (1151, 0.056996806401106374), (1152, 0.056996806401106374), (1153, 0.056996806401106374), (1154, 0.056996806401106374), (1155, 0.056996806401106374), (1156, 0.056996806401106374), (1157, 0.056996806401106374), (1158, 0.056996806401106374), (1159, 0.056996806401106374), (1160, 0.056996806401106374), (1161, 0.056996806401106374), (1162, 0.056996806401106374), (1163, 0.056996806401106374), (1164, 0.056996806401106374), (1165, 0.056996806401106374), (1166, 0.056996806401106374)]
[(13, 0.02860451408675078), (65, 0.09593638414573616), (70, 0.0579224913142933), (75, 0.04796819207286808), (121, 0.06423113376469737), (401, 0.09593638414573616), (416, 0.08190658735072734), (736, 0.08190658735072734), (855, 0.21585686432790635), (1167, 0.1199204801821702), (1168, 0.1199204801821702), (1169, 0.1199204801821702), (1170, 0.1199204801821702), (1171, 0.1199204801821702), (1172, 0.2398409603643404), (1173, 0.2398409603643404), (1174, 0.1199204801821702), (1175, 0.1199204801821702), (1176, 0.1199204801821702), (1177, 0.1199204801821702), (1178, 0.1199204801821702), (1179, 0.1199204801821702), (1180, 0.1199204801821702), (1181, 0.1199204801821702), (1182, 0.1199204801821702), (1183, 0.2398409603643404), (1184, 0.1199204801821702), (1185, 0.1199204801821702), (1186, 0.1199204801821702), (1187, 0.1199204801821702), (1188, 0.09593638414573616), (1189, 0.1199204801821702), (1190, 0.08190658735072734), (1191, 0.09593638414573616), (1192, 0.09593638414573616), (1193, 0.1199204801821702), (1194, 0.09593638414573616), (1195, 0.2878091524372085), (1196, 0.1199204801821702), (1197, 0.09593638414573616), (1198, 0.1199204801821702), (1199, 0.1199204801821702), (1200, 0.1199204801821702), (1201, 0.1199204801821702), (1202, 0.09593638414573616), (1203, 0.1199204801821702), (1204, 0.1199204801821702), (1205, 0.1199204801821702), (1206, 0.1199204801821702), (1207, 0.1199204801821702), (1208, 0.1199204801821702), (1209, 0.1199204801821702), (1210, 0.1199204801821702), (1211, 0.1199204801821702), (1212, 0.1199204801821702), (1213, 0.1199204801821702), (1214, 0.09593638414573616), (1215, 0.1199204801821702), (1216, 0.1199204801821702), (1217, 0.09593638414573616), (1218, 0.1199204801821702), (1219, 0.1199204801821702)]
[(10, 0.10346166259290124), (38, 0.12118363281779403), (43, 0.12118363281779403), (119, 0.12860953855201265), (121, 0.08113462060220501), (148, 0.10346166259290124), (153, 0.10346166259290124), (192, 0.10346166259290124), (326, 0.12118363281779403), (481, 0.09088772461334553), (529, 0.08113462060220501), (554, 0.09088772461334553), (892, 0.10346166259290124), (936, 0.08113462060220501), (1220, 0.12118363281779403), (1221, 0.15147954102224254), (1222, 0.15147954102224254), (1223, 0.12118363281779403), (1224, 0.15147954102224254), (1225, 0.15147954102224254), (1226, 0.15147954102224254), (1227, 0.15147954102224254), (1228, 0.15147954102224254), (1229, 0.4544386230667276), (1230, 0.12118363281779403), (1231, 0.15147954102224254), (1232, 0.15147954102224254), (1233, 0.15147954102224254), (1234, 0.15147954102224254), (1235, 0.15147954102224254), (1236, 0.15147954102224254), (1237, 0.15147954102224254), (1238, 0.15147954102224254), (1239, 0.15147954102224254), (1240, 0.15147954102224254), (1241, 0.15147954102224254), (1242, 0.15147954102224254), (1243, 0.12118363281779403), (1244, 0.15147954102224254), (1245, 0.15147954102224254), (1246, 0.15147954102224254), (1247, 0.10346166259290124), (1248, 0.15147954102224254), (1249, 0.15147954102224254), (1250, 0.15147954102224254)]
[(15, 0.08438223276348107), (19, 0.1129908434272769), (53, 0.06328667457261081), (56, 0.16948626514091536), (93, 0.08438223276348107), (212, 0.03860645362573053), (344, 0.07079972704553637), (439, 0.06328667457261081), (756, 0.06328667457261081), (759, 0.042191116381740536), (855, 0.06328667457261081), (880, 0.14408424458008187), (887, 0.04625507183365909), (888, 0.14408424458008187), (919, 0.25314669829044323), (927, 0.07204212229004094), (956, 0.08438223276348107), (1190, 0.21612636687012282), (1191, 0.08438223276348107), (1192, 0.08438223276348107), (1202, 0.08438223276348107), (1251, 0.10547779095435135), (1252, 0.08438223276348107), (1253, 0.10547779095435135), (1254, 0.10547779095435135), (1255, 0.10547779095435135), (1256, 0.08438223276348107), (1257, 0.16876446552696214), (1258, 0.2109555819087027), (1259, 0.10547779095435135), (1260, 0.10547779095435135), (1261, 0.10547779095435135), (1262, 0.08438223276348107), (1263, 0.2109555819087027), (1264, 0.08438223276348107), (1265, 0.10547779095435135), (1266, 0.10547779095435135), (1267, 0.10547779095435135), (1268, 0.10547779095435135), (1269, 0.10547779095435135), (1270, 0.10547779095435135), (1271, 0.10547779095435135), (1272, 0.25314669829044323), (1273, 0.10547779095435135), (1274, 0.10547779095435135), (1275, 0.10547779095435135), (1276, 0.10547779095435135), (1277, 0.08438223276348107), (1278, 0.08438223276348107), (1279, 0.2109555819087027), (1280, 0.10547779095435135), (1281, 0.08438223276348107), (1282, 0.08438223276348107), (1283, 0.07204212229004094), (1284, 0.050946564099170664), (1285, 0.10547779095435135), (1286, 0.10547779095435135), (1287, 0.10547779095435135), (1288, 0.10547779095435135), (1289, 0.08438223276348107), (1290, 0.10547779095435135), (1291, 0.10547779095435135), (1292, 0.10547779095435135), (1293, 0.10547779095435135), (1294, 0.2109555819087027), (1295, 0.10547779095435135), (1296, 0.10547779095435135), (1297, 0.10547779095435135), (1298, 0.10547779095435135), (1299, 0.10547779095435135), (1300, 0.10547779095435135), (1301, 0.10547779095435135), (1302, 0.10547779095435135)]
[(48, 0.049361017508159986), (53, 0.049361017508159986), (60, 0.04406411806545876), (114, 0.04406411806545876), (127, 0.16856972579292592), (132, 0.11237981719528395), (135, 0.05522089112547753), (200, 0.03290734500543999), (204, 0.06581469001087999), (212, 0.030111454681683966), (223, 0.03607706402716514), (261, 0.06581469001087999), (344, 0.027610445562738766), (352, 0.06581469001087999), (424, 0.19744407003263995), (588, 0.13162938002175997), (589, 0.03290734500543999), (759, 0.03290734500543999), (776, 0.056189908597641974), (800, 0.049361017508159986), (848, 0.056189908597641974), (849, 0.056189908597641974), (887, 0.03607706402716514), (957, 0.06581469001087999), (1085, 0.06581469001087999), (1217, 0.06581469001087999), (1230, 0.06581469001087999), (1247, 0.056189908597641974), (1283, 0.056189908597641974), (1284, 0.039736236094921974), (1303, 0.3290734500543999), (1304, 0.16453672502719996), (1305, 0.06581469001087999), (1306, 0.08226836251359998), (1307, 0.08226836251359998), (1308, 0.16453672502719996), (1309, 0.08226836251359998), (1310, 0.06581469001087999), (1311, 0.08226836251359998), (1312, 0.08226836251359998), (1313, 0.08226836251359998), (1314, 0.08226836251359998), (1315, 0.08226836251359998), (1316, 0.08226836251359998), (1317, 0.08226836251359998), (1318, 0.06581469001087999), (1319, 0.08226836251359998), (1320, 0.24680508754079994), (1321, 0.06581469001087999), (1322, 0.08226836251359998), (1323, 0.08226836251359998), (1324, 0.08226836251359998), (1325, 0.08226836251359998), (1326, 0.08226836251359998), (1327, 0.08226836251359998), (1328, 0.08226836251359998), (1329, 0.08226836251359998), (1330, 0.08226836251359998), (1331, 0.08226836251359998), (1332, 0.08226836251359998), (1333, 0.08226836251359998), (1334, 0.08226836251359998), (1335, 0.08226836251359998), (1336, 0.08226836251359998), (1337, 0.08226836251359998), (1338, 0.08226836251359998), (1339, 0.08226836251359998), (1340, 0.08226836251359998), (1341, 0.08226836251359998), (1342, 0.08226836251359998), (1343, 0.06581469001087999), (1344, 0.08226836251359998), (1345, 0.08226836251359998), (1346, 0.08226836251359998), (1347, 0.08226836251359998), (1348, 0.08226836251359998), (1349, 0.08226836251359998), (1350, 0.08226836251359998), (1351, 0.08226836251359998), (1352, 0.08226836251359998), (1353, 0.08226836251359998), (1354, 0.16453672502719996), (1355, 0.08226836251359998), (1356, 0.06581469001087999), (1357, 0.06581469001087999), (1358, 0.08226836251359998), (1359, 0.08226836251359998), (1360, 0.08226836251359998), (1361, 0.08226836251359998), (1362, 0.08226836251359998), (1363, 0.08226836251359998), (1364, 0.08226836251359998), (1365, 0.06581469001087999), (1366, 0.08226836251359998), (1367, 0.06581469001087999), (1368, 0.08226836251359998), (1369, 0.08226836251359998), (1370, 0.08226836251359998), (1371, 0.06581469001087999), (1372, 0.06581469001087999), (1373, 0.08226836251359998), (1374, 0.08226836251359998), (1375, 0.06581469001087999), (1376, 0.16453672502719996), (1377, 0.14808305252447995), (1378, 0.08226836251359998), (1379, 0.08226836251359998), (1380, 0.08226836251359998), (1381, 0.08226836251359998), (1382, 0.08226836251359998), (1383, 0.08226836251359998), (1384, 0.08226836251359998), (1385, 0.09872203501631997), (1386, 0.056189908597641974), (1387, 0.06581469001087999), (1388, 0.08226836251359998), (1389, 0.06581469001087999), (1390, 0.08226836251359998), (1391, 0.08226836251359998), (1392, 0.08226836251359998), (1393, 0.08226836251359998)]
[(127, 0.05040906908362651), (132, 0.15122720725087954), (134, 0.02476987225176258), (135, 0.04953974450352516), (145, 0.05040906908362651), (212, 0.02701357658590665), (223, 0.06473088347241422), (265, 0.059043649265077096), (333, 0.07129631353471447), (344, 0.02476987225176258), (346, 0.03953078456803186), (439, 0.04428273694880782), (607, 0.05040906908362651), (620, 0.03953078456803186), (632, 0.07906156913606371), (759, 0.029521824632538548), (776, 0.05040906908362651), (784, 0.03236544173620711), (800, 0.04428273694880782), (847, 0.05040906908362651), (906, 0.059043649265077096), (911, 0.059043649265077096), (921, 0.03953078456803186), (927, 0.05040906908362651), (1005, 0.059043649265077096), (1284, 0.035648156767357234), (1305, 0.059043649265077096), (1310, 0.11808729853015419), (1318, 0.059043649265077096), (1356, 0.059043649265077096), (1371, 0.059043649265077096), (1372, 0.17713094779523128), (1375, 0.11808729853015419), (1377, 0.04428273694880782), (1394, 0.07380456158134638), (1395, 0.07380456158134638), (1396, 0.14760912316269276), (1397, 0.14760912316269276), (1398, 0.14760912316269276), (1399, 0.14760912316269276), (1400, 0.07380456158134638), (1401, 0.07380456158134638), (1402, 0.2214136847440391), (1403, 0.059043649265077096), (1404, 0.07380456158134638), (1405, 0.07380456158134638), (1406, 0.07380456158134638), (1407, 0.07380456158134638), (1408, 0.07380456158134638), (1409, 0.07380456158134638), (1410, 0.07380456158134638), (1411, 0.14760912316269276), (1412, 0.14760912316269276), (1413, 0.07380456158134638), (1414, 0.059043649265077096), (1415, 0.07380456158134638), (1416, 0.36902280790673186), (1417, 0.14760912316269276), (1418, 0.11808729853015419), (1419, 0.07380456158134638), (1420, 0.14760912316269276), (1421, 0.07380456158134638), (1422, 0.07380456158134638), (1423, 0.07380456158134638), (1424, 0.07380456158134638), (1425, 0.07380456158134638), (1426, 0.07380456158134638), (1427, 0.14760912316269276), (1428, 0.14760912316269276), (1429, 0.07380456158134638), (1430, 0.07380456158134638), (1431, 0.059043649265077096), (1432, 0.14760912316269276), (1433, 0.07380456158134638), (1434, 0.07380456158134638), (1435, 0.07380456158134638), (1436, 0.07380456158134638), (1437, 0.07380456158134638), (1438, 0.07380456158134638), (1439, 0.07380456158134638), (1440, 0.07380456158134638), (1441, 0.07380456158134638), (1442, 0.07380456158134638), (1443, 0.07380456158134638), (1444, 0.059043649265077096), (1445, 0.07380456158134638), (1446, 0.14760912316269276), (1447, 0.07380456158134638), (1448, 0.07380456158134638), (1449, 0.07380456158134638), (1450, 0.07380456158134638), (1451, 0.07380456158134638), (1452, 0.07380456158134638), (1453, 0.07380456158134638), (1454, 0.07380456158134638), (1455, 0.07380456158134638), (1456, 0.07380456158134638), (1457, 0.07380456158134638), (1458, 0.07380456158134638), (1459, 0.059043649265077096), (1460, 0.07380456158134638), (1461, 0.07380456158134638), (1462, 0.07380456158134638), (1463, 0.07380456158134638), (1464, 0.07380456158134638), (1465, 0.07380456158134638), (1466, 0.07380456158134638), (1467, 0.07380456158134638), (1468, 0.07380456158134638), (1469, 0.07380456158134638), (1470, 0.07380456158134638), (1471, 0.07380456158134638), (1472, 0.07380456158134638), (1473, 0.07380456158134638), (1474, 0.07380456158134638), (1475, 0.07380456158134638), (1476, 0.059043649265077096), (1477, 0.07380456158134638), (1478, 0.07380456158134638), (1479, 0.07380456158134638), (1480, 0.07380456158134638)]
[(134, 0.03086843947451036), (136, 0.07358073126774235), (181, 0.06282023912592487), (212, 0.0336645641671718), (299, 0.12564047825184974), (344, 0.03086843947451036), (589, 0.036790365633871176), (756, 0.05518554845080676), (759, 0.036790365633871176), (855, 0.11037109690161352), (872, 0.06282023912592487), (880, 0.12564047825184974), (887, 0.04033410706140435), (1040, 0.07358073126774235), (1044, 0.07358073126774235), (1056, 0.06282023912592487), (1190, 0.06282023912592487), (1195, 0.07358073126774235), (1252, 0.07358073126774235), (1257, 0.07358073126774235), (1272, 0.1471614625354847), (1277, 0.07358073126774235), (1281, 0.07358073126774235), (1282, 0.07358073126774235), (1283, 0.06282023912592487), (1284, 0.04442505630898928), (1365, 0.07358073126774235), (1403, 0.07358073126774235), (1481, 0.09197591408467794), (1482, 0.09197591408467794), (1483, 0.36790365633871175), (1484, 0.18395182816935587), (1485, 0.2759277422540338), (1486, 0.18395182816935587), (1487, 0.18395182816935587), (1488, 0.18395182816935587), (1489, 0.2759277422540338), (1490, 0.09197591408467794), (1491, 0.09197591408467794), (1492, 0.18395182816935587), (1493, 0.09197591408467794), (1494, 0.09197591408467794), (1495, 0.09197591408467794), (1496, 0.09197591408467794), (1497, 0.09197591408467794), (1498, 0.09197591408467794), (1499, 0.09197591408467794), (1500, 0.09197591408467794), (1501, 0.09197591408467794), (1502, 0.09197591408467794), (1503, 0.09197591408467794), (1504, 0.09197591408467794), (1505, 0.09197591408467794), (1506, 0.09197591408467794), (1507, 0.09197591408467794), (1508, 0.09197591408467794), (1509, 0.09197591408467794), (1510, 0.09197591408467794), (1511, 0.09197591408467794), (1512, 0.07358073126774235), (1513, 0.09197591408467794), (1514, 0.09197591408467794), (1515, 0.09197591408467794), (1516, 0.09197591408467794), (1517, 0.09197591408467794), (1518, 0.09197591408467794), (1519, 0.09197591408467794), (1520, 0.09197591408467794), (1521, 0.09197591408467794), (1522, 0.09197591408467794), (1523, 0.09197591408467794), (1524, 0.09197591408467794), (1525, 0.09197591408467794), (1526, 0.09197591408467794), (1527, 0.09197591408467794), (1528, 0.09197591408467794), (1529, 0.09197591408467794), (1530, 0.09197591408467794), (1531, 0.09197591408467794), (1532, 0.09197591408467794), (1533, 0.09197591408467794), (1534, 0.09197591408467794)]
[(10, 0.04579606872180384), (17, 0.10728097417723731), (37, 0.04023036531646399), (62, 0.053640487088618655), (212, 0.024541528582834364), (344, 0.02250314858999204), (496, 0.08046073063292798), (529, 0.07182654072429341), (560, 0.09159213744360768), (567, 0.03238594694964918), (589, 0.026820243544309327), (739, 0.053640487088618655), (759, 0.053640487088618655), (784, 0.02940363749832308), (817, 0.04023036531646399), (820, 0.08046073063292798), (836, 0.04023036531646399), (867, 0.053640487088618655), (887, 0.02940363749832308), (888, 0.09159213744360768), (921, 0.035913270362146706), (951, 0.053640487088618655), (1214, 0.053640487088618655), (1223, 0.053640487088618655), (1256, 0.21456194835447462), (1262, 0.053640487088618655), (1284, 0.06477189389929836), (1289, 0.053640487088618655), (1321, 0.16092146126585596), (1343, 0.053640487088618655), (1535, 0.06705060886077333), (1536, 0.20115182658231995), (1537, 0.13410121772154665), (1538, 0.3352530443038666), (1539, 0.06705060886077333), (1540, 0.06705060886077333), (1541, 0.06705060886077333), (1542, 0.13410121772154665), (1543, 0.06705060886077333), (1544, 0.4023036531646399), (1545, 0.13410121772154665), (1546, 0.06705060886077333), (1547, 0.06705060886077333), (1548, 0.06705060886077333), (1549, 0.06705060886077333), (1550, 0.06705060886077333), (1551, 0.053640487088618655), (1552, 0.06705060886077333), (1553, 0.06705060886077333), (1554, 0.06705060886077333), (1555, 0.06705060886077333), (1556, 0.13410121772154665), (1557, 0.13410121772154665), (1558, 0.06705060886077333), (1559, 0.06705060886077333), (1560, 0.06705060886077333), (1561, 0.13410121772154665), (1562, 0.06705060886077333), (1563, 0.06705060886077333), (1564, 0.13410121772154665), (1565, 0.13410121772154665), (1566, 0.06705060886077333), (1567, 0.06705060886077333), (1568, 0.06705060886077333), (1569, 0.06705060886077333), (1570, 0.13410121772154665), (1571, 0.06705060886077333), (1572, 0.06705060886077333), (1573, 0.06705060886077333), (1574, 0.06705060886077333), (1575, 0.06705060886077333), (1576, 0.06705060886077333), (1577, 0.06705060886077333), (1578, 0.06705060886077333), (1579, 0.06705060886077333), (1580, 0.06705060886077333), (1581, 0.06705060886077333), (1582, 0.06705060886077333), (1583, 0.06705060886077333), (1584, 0.06705060886077333), (1585, 0.06705060886077333), (1586, 0.06705060886077333), (1587, 0.13410121772154665), (1588, 0.06705060886077333), (1589, 0.06705060886077333), (1590, 0.06705060886077333), (1591, 0.053640487088618655), (1592, 0.06705060886077333), (1593, 0.06705060886077333), (1594, 0.06705060886077333), (1595, 0.06705060886077333), (1596, 0.06705060886077333), (1597, 0.06705060886077333), (1598, 0.06705060886077333), (1599, 0.06705060886077333), (1600, 0.13410121772154665), (1601, 0.06705060886077333), (1602, 0.06705060886077333), (1603, 0.06705060886077333), (1604, 0.06705060886077333), (1605, 0.06705060886077333), (1606, 0.06705060886077333), (1607, 0.06705060886077333), (1608, 0.06705060886077333), (1609, 0.06705060886077333), (1610, 0.06705060886077333), (1611, 0.06705060886077333), (1612, 0.06705060886077333), (1613, 0.06705060886077333), (1614, 0.06705060886077333), (1615, 0.06705060886077333), (1616, 0.06705060886077333), (1617, 0.06705060886077333), (1618, 0.06705060886077333), (1619, 0.06705060886077333), (1620, 0.06705060886077333), (1621, 0.053640487088618655)]
[(19, 0.037409437497993726), (74, 0.04770395882152516), (175, 0.04770395882152516), (212, 0.025563942530626455), (299, 0.04770395882152516), (344, 0.023440642475508953), (377, 0.05587518008993909), (413, 0.05587518008993909), (454, 0.05587518008993909), (546, 0.05587518008993909), (567, 0.06747032759808078), (589, 0.08381277013490863), (607, 0.04770395882152516), (660, 0.22350072035975635), (759, 0.027937590044969544), (784, 0.030628609650837475), (887, 0.030628609650837475), (892, 0.19081583528610063), (921, 0.037409437497993726), (1015, 0.05587518008993909), (1095, 0.05587518008993909), (1109, 0.05587518008993909), (1247, 0.04770395882152516), (1278, 0.11175036017987817), (1284, 0.03373516379904039), (1385, 0.04190638506745432), (1386, 0.04770395882152516), (1387, 0.05587518008993909), (1444, 0.11175036017987817), (1512, 0.05587518008993909), (1621, 0.05587518008993909), (1622, 0.06984397511242386), (1623, 0.27937590044969546), (1624, 0.06984397511242386), (1625, 0.13968795022484773), (1626, 0.06984397511242386), (1627, 0.13968795022484773), (1628, 0.06984397511242386), (1629, 0.13968795022484773), (1630, 0.06984397511242386), (1631, 0.13968795022484773), (1632, 0.13968795022484773), (1633, 0.06984397511242386), (1634, 0.06984397511242386), (1635, 0.06984397511242386), (1636, 0.488907825786967), (1637, 0.20953192533727158), (1638, 0.06984397511242386), (1639, 0.06984397511242386), (1640, 0.06984397511242386), (1641, 0.06984397511242386), (1642, 0.20953192533727158), (1643, 0.06984397511242386), (1644, 0.06984397511242386), (1645, 0.06984397511242386), (1646, 0.06984397511242386), (1647, 0.06984397511242386), (1648, 0.13968795022484773), (1649, 0.06984397511242386), (1650, 0.06984397511242386), (1651, 0.06984397511242386), (1652, 0.06984397511242386), (1653, 0.06984397511242386), (1654, 0.06984397511242386), (1655, 0.06984397511242386), (1656, 0.06984397511242386), (1657, 0.06984397511242386), (1658, 0.06984397511242386), (1659, 0.06984397511242386), (1660, 0.13968795022484773), (1661, 0.06984397511242386), (1662, 0.06984397511242386), (1663, 0.06984397511242386), (1664, 0.06984397511242386), (1665, 0.06984397511242386), (1666, 0.06984397511242386), (1667, 0.06984397511242386), (1668, 0.06984397511242386), (1669, 0.06984397511242386), (1670, 0.06984397511242386), (1671, 0.06984397511242386), (1672, 0.06984397511242386), (1673, 0.06984397511242386), (1674, 0.06984397511242386), (1675, 0.06984397511242386), (1676, 0.06984397511242386), (1677, 0.06984397511242386), (1678, 0.06984397511242386), (1679, 0.06984397511242386), (1680, 0.06984397511242386), (1681, 0.06984397511242386), (1682, 0.06984397511242386), (1683, 0.06984397511242386), (1684, 0.06984397511242386), (1685, 0.06984397511242386), (1686, 0.05587518008993909), (1687, 0.06984397511242386), (1688, 0.06984397511242386), (1689, 0.06984397511242386), (1690, 0.06984397511242386)]
[(3, 0.0689040849704903), (13, 0.04108905889508994), (76, 0.05167806372786773), (135, 0.028906502284118434), (137, 0.0689040849704903), (145, 0.05882750850693005), (170, 0.1378081699409806), (462, 0.0689040849704903), (481, 0.05167806372786773), (541, 0.0689040849704903), (567, 0.04160148726430747), (591, 0.0689040849704903), (627, 0.1176550170138601), (662, 0.05167806372786773), (817, 0.31006838236720635), (820, 0.05167806372786773), (904, 0.2067122549114709), (916, 0.2756163398819612), (935, 0.0689040849704903), (936, 0.09226504705348203), (1111, 0.0689040849704903), (1188, 0.0689040849704903), (1194, 0.0689040849704903), (1264, 0.0689040849704903), (1386, 0.05882750850693005), (1686, 0.0689040849704903), (1691, 0.08613010621311289), (1692, 0.08613010621311289), (1693, 0.08613010621311289), (1694, 0.17226021242622577), (1695, 0.34452042485245155), (1696, 0.08613010621311289), (1697, 0.17226021242622577), (1698, 0.17226021242622577), (1699, 0.17226021242622577), (1700, 0.08613010621311289), (1701, 0.17226021242622577), (1702, 0.08613010621311289), (1703, 0.08613010621311289), (1704, 0.08613010621311289), (1705, 0.08613010621311289), (1706, 0.08613010621311289), (1707, 0.08613010621311289), (1708, 0.08613010621311289), (1709, 0.08613010621311289), (1710, 0.08613010621311289), (1711, 0.08613010621311289), (1712, 0.08613010621311289), (1713, 0.08613010621311289), (1714, 0.0689040849704903), (1715, 0.08613010621311289), (1716, 0.0689040849704903), (1717, 0.08613010621311289), (1718, 0.08613010621311289), (1719, 0.08613010621311289), (1720, 0.08613010621311289), (1721, 0.08613010621311289), (1722, 0.08613010621311289), (1723, 0.08613010621311289), (1724, 0.08613010621311289), (1725, 0.08613010621311289), (1726, 0.08613010621311289), (1727, 0.08613010621311289), (1728, 0.08613010621311289), (1729, 0.08613010621311289), (1730, 0.08613010621311289), (1731, 0.08613010621311289), (1732, 0.08613010621311289), (1733, 0.08613010621311289), (1734, 0.08613010621311289), (1735, 0.08613010621311289), (1736, 0.08613010621311289), (1737, 0.08613010621311289), (1738, 0.08613010621311289), (1739, 0.08613010621311289), (1740, 0.08613010621311289), (1741, 0.08613010621311289), (1742, 0.08613010621311289), (1743, 0.08613010621311289), (1744, 0.08613010621311289), (1745, 0.08613010621311289), (1746, 0.08613010621311289), (1747, 0.08613010621311289), (1748, 0.08613010621311289), (1749, 0.08613010621311289), (1750, 0.08613010621311289), (1751, 0.08613010621311289)]
[(7, 0.038796924290781444), (12, 0.053082358856530856), (13, 0.04220560934387565), (21, 0.12085216403015289), (22, 0.06476313187186958), (35, 0.21365981198116413), (45, 0.04738612463692743), (60, 0.04738612463692743), (119, 0.025037842777389203), (121, 0.04738612463692743), (142, 0.04738612463692743), (188, 0.07077647847537448), (212, 0.03238156593593479), (224, 0.07077647847537448), (238, 0.14155295695074896), (245, 0.15924707656959258), (483, 0.060426082015076446), (520, 0.07077647847537448), (524, 0.04273196239623282), (555, 0.060426082015076446), (567, 0.04273196239623282), (632, 0.04738612463692743), (936, 0.04738612463692743), (977, 0.060426082015076446), (1056, 0.060426082015076446), (1144, 0.14155295695074896), (1220, 0.07077647847537448), (1367, 0.07077647847537448), (1716, 0.07077647847537448), (1752, 0.08847059809421809), (1753, 0.08847059809421809), (1754, 0.08847059809421809), (1755, 0.17694119618843618), (1756, 0.26541179428265427), (1757, 0.26541179428265427), (1758, 0.17694119618843618), (1759, 0.17694119618843618), (1760, 0.17694119618843618), (1761, 0.08847059809421809), (1762, 0.17694119618843618), (1763, 0.08847059809421809), (1764, 0.08847059809421809), (1765, 0.08847059809421809), (1766, 0.08847059809421809), (1767, 0.08847059809421809), (1768, 0.35388239237687236), (1769, 0.17694119618843618), (1770, 0.08847059809421809), (1771, 0.07077647847537448), (1772, 0.08847059809421809), (1773, 0.08847059809421809), (1774, 0.08847059809421809), (1775, 0.08847059809421809), (1776, 0.08847059809421809), (1777, 0.07077647847537448), (1778, 0.08847059809421809), (1779, 0.08847059809421809), (1780, 0.08847059809421809), (1781, 0.08847059809421809), (1782, 0.08847059809421809), (1783, 0.08847059809421809), (1784, 0.08847059809421809), (1785, 0.08847059809421809), (1786, 0.08847059809421809), (1787, 0.08847059809421809), (1788, 0.08847059809421809), (1789, 0.08847059809421809), (1790, 0.08847059809421809), (1791, 0.08847059809421809), (1792, 0.17694119618843618), (1793, 0.08847059809421809), (1794, 0.08847059809421809), (1795, 0.08847059809421809), (1796, 0.08847059809421809), (1797, 0.08847059809421809), (1798, 0.08847059809421809), (1799, 0.08847059809421809), (1800, 0.08847059809421809), (1801, 0.08847059809421809), (1802, 0.08847059809421809)]
[(7, 0.05106099409587519), (13, 0.05554719630268511), (19, 0.06236532082228683), (21, 0.15905466082226605), (22, 0.042617681099602865), (23, 0.05623993446660038), (35, 0.05623993446660038), (48, 0.3493109391679895), (56, 0.06236532082228683), (125, 0.09314958377813054), (130, 0.0698621878335979), (134, 0.039077924877754196), (167, 0.18629916755626108), (301, 0.0698621878335979), (439, 0.0698621878335979), (524, 0.05623993446660038), (532, 0.09314958377813054), (598, 0.09314958377813054), (638, 0.07952733041113302), (936, 0.06236532082228683), (984, 0.09314958377813054), (1197, 0.37259833511252216), (1243, 0.09314958377813054), (1389, 0.09314958377813054), (1414, 0.09314958377813054), (1591, 0.09314958377813054), (1771, 0.09314958377813054), (1777, 0.18629916755626108), (1803, 0.11643697972266318), (1804, 0.11643697972266318), (1805, 0.23287395944532635), (1806, 0.11643697972266318), (1807, 0.11643697972266318), (1808, 0.11643697972266318), (1809, 0.11643697972266318), (1810, 0.11643697972266318), (1811, 0.11643697972266318), (1812, 0.11643697972266318), (1813, 0.11643697972266318), (1814, 0.11643697972266318), (1815, 0.11643697972266318), (1816, 0.11643697972266318), (1817, 0.23287395944532635), (1818, 0.11643697972266318), (1819, 0.11643697972266318), (1820, 0.11643697972266318), (1821, 0.11643697972266318), (1822, 0.11643697972266318), (1823, 0.11643697972266318), (1824, 0.11643697972266318), (1825, 0.11643697972266318), (1826, 0.11643697972266318), (1827, 0.11643697972266318), (1828, 0.11643697972266318), (1829, 0.11643697972266318), (1830, 0.11643697972266318), (1831, 0.11643697972266318), (1832, 0.11643697972266318), (1833, 0.11643697972266318), (1834, 0.11643697972266318)]
[(13, 0.029135567906784596), (14, 0.03763511502321917), (75, 0.04885874003194743), (77, 0.06542360949938028), (119, 0.06913694931272202), (120, 0.11799568934466946), (135, 0.04099423948340656), (179, 0.08342721468830844), (271, 0.09771748006389486), (301, 0.07328811004792114), (306, 0.09771748006389486), (416, 0.08342721468830844), (452, 0.09771748006389486), (468, 0.09771748006389486), (469, 0.09771748006389486), (523, 0.07328811004792114), (632, 0.06542360949938028), (856, 0.09771748006389486), (884, 0.09771748006389486), (902, 0.09771748006389486), (1377, 0.07328811004792114), (1385, 0.21986433014376341), (1418, 0.09771748006389486), (1476, 0.09771748006389486), (1551, 0.19543496012778971), (1835, 0.19543496012778971), (1836, 0.24429370015973714), (1837, 0.12214685007986857), (1838, 0.12214685007986857), (1839, 0.12214685007986857), (1840, 0.24429370015973714), (1841, 0.12214685007986857), (1842, 0.12214685007986857), (1843, 0.24429370015973714), (1844, 0.12214685007986857), (1845, 0.12214685007986857), (1846, 0.24429370015973714), (1847, 0.12214685007986857), (1848, 0.12214685007986857), (1849, 0.12214685007986857), (1850, 0.12214685007986857), (1851, 0.12214685007986857), (1852, 0.12214685007986857), (1853, 0.12214685007986857), (1854, 0.12214685007986857), (1855, 0.12214685007986857), (1856, 0.12214685007986857), (1857, 0.12214685007986857), (1858, 0.12214685007986857), (1859, 0.12214685007986857), (1860, 0.12214685007986857), (1861, 0.12214685007986857), (1862, 0.12214685007986857), (1863, 0.12214685007986857), (1864, 0.12214685007986857), (1865, 0.12214685007986857), (1866, 0.12214685007986857), (1867, 0.12214685007986857), (1868, 0.12214685007986857), (1869, 0.12214685007986857), (1870, 0.12214685007986857), (1871, 0.12214685007986857)]
[(13, 0.020331105503168783), (14, 0.026262178812130967), (22, 0.031197418714526325), (23, 0.04116931608576898), (48, 0.051141213457011635), (57, 0.04565328231753041), (119, 0.024122244933431767), (120, 0.04116931608576898), (134, 0.028606211165193195), (192, 0.058216387238106196), (260, 0.06818828460934885), (421, 0.06818828460934885), (627, 0.058216387238106196), (628, 0.06818828460934885), (1357, 0.06818828460934885), (1377, 0.10228242691402327), (1385, 0.10228242691402327), (1431, 0.06818828460934885), (1459, 0.06818828460934885), (1714, 0.06818828460934885), (1835, 0.20456485382804654), (1872, 0.2557060672850582), (1873, 0.5966474903318024), (1874, 0.17047071152337212), (1875, 0.17047071152337212), (1876, 0.17047071152337212), (1877, 0.08523535576168606), (1878, 0.08523535576168606), (1879, 0.08523535576168606), (1880, 0.08523535576168606), (1881, 0.17047071152337212), (1882, 0.08523535576168606), (1883, 0.08523535576168606), (1884, 0.08523535576168606), (1885, 0.08523535576168606), (1886, 0.08523535576168606), (1887, 0.08523535576168606), (1888, 0.08523535576168606), (1889, 0.08523535576168606), (1890, 0.08523535576168606), (1891, 0.08523535576168606), (1892, 0.08523535576168606), (1893, 0.08523535576168606), (1894, 0.08523535576168606), (1895, 0.08523535576168606), (1896, 0.08523535576168606), (1897, 0.08523535576168606), (1898, 0.08523535576168606), (1899, 0.08523535576168606), (1900, 0.08523535576168606), (1901, 0.08523535576168606), (1902, 0.08523535576168606), (1903, 0.2557060672850582), (1904, 0.08523535576168606), (1905, 0.08523535576168606), (1906, 0.08523535576168606), (1907, 0.08523535576168606), (1908, 0.08523535576168606), (1909, 0.08523535576168606), (1910, 0.08523535576168606), (1911, 0.08523535576168606), (1912, 0.08523535576168606), (1913, 0.08523535576168606), (1914, 0.08523535576168606), (1915, 0.08523535576168606), (1916, 0.08523535576168606), (1917, 0.08523535576168606)]
2017-11-29 16:20:47,920 : INFO : using symmetric alpha at 0.5
2017-11-29 16:20:47,921 : INFO : using symmetric eta at 0.0005213764337851929
2017-11-29 16:20:47,921 : INFO : using serial LDA version on this node
2017-11-29 16:20:48,066 : INFO : running online (single-pass) LDA training, 2 topics, 1 passes over the supplied corpus of 32 documents, updating model once every 32 documents, evaluating perplexity every 32 documents, iterating 50x with a convergence threshold of 0.001000
2017-11-29 16:20:48,066 : WARNING : too few updates, training might not converge; consider increasing the number of passes or iterations to improve accuracy
2017-11-29 16:20:48,297 : INFO : -8.275 per-word bound, 309.8 perplexity estimate based on a held-out corpus of 32 documents with 3308 words
2017-11-29 16:20:48,297 : INFO : PROGRESS: pass 0, at document #32/32
2017-11-29 16:20:48,403 : INFO : topic #0 (0.500): 0.008*"pesan" + 0.006*"beredar" + 0.004*"berantai" + 0.004*"warga" + 0.004*"foto" + 0.003*"jakarta" + 0.003*"jalan" + 0.003*"informasi" + 0.003*"media" + 0.003*"facebook"
2017-11-29 16:20:48,403 : INFO : topic #1 (0.500): 0.004*"jakarta" + 0.004*"yg" + 0.004*"pesan" + 0.004*"warga" + 0.003*"dki" + 0.003*"air" + 0.003*"motor" + 0.003*"surat" + 0.003*"cctv" + 0.003*"selasa"
2017-11-29 16:20:48,403 : INFO : topic diff=0.512987, rho=1.000000
2017-11-29 16:20:48,404 : INFO : topic #0 (0.500): 0.008*"pesan" + 0.006*"beredar" + 0.004*"berantai" + 0.004*"warga" + 0.004*"foto" + 0.003*"jakarta" + 0.003*"jalan" + 0.003*"informasi" + 0.003*"media" + 0.003*"facebook"
2017-11-29 16:20:48,404 : INFO : topic #1 (0.500): 0.004*"jakarta" + 0.004*"yg" + 0.004*"pesan" + 0.004*"warga" + 0.003*"dki" + 0.003*"air" + 0.003*"motor" + 0.003*"surat" + 0.003*"cctv" + 0.003*"selasa"



[(0, 0.9189083354258879), (1, 0.081091664574112071)]
[(0, 0.92915827752143287), (1, 0.070841722478567029)]
[(0, 0.91050533064746342), (1, 0.089494669352536568)]
[(0, 0.91208514998029622), (1, 0.087914850019703727)]
[(0, 0.21609441873433655), (1, 0.78390558126566334)]
[(0, 0.61558417897468098), (1, 0.38441582102531902)]
[(0, 0.060241893609350602), (1, 0.93975810639064938)]
[(0, 0.12995061808598751), (1, 0.87004938191401249)]
[(0, 0.92124578004854751), (1, 0.078754219951452487)]
[(0, 0.90340996738126966), (1, 0.096590032618730351)]
[(0, 0.91777084541786524), (1, 0.082229154582134714)]
[(0, 0.93152053822962178), (1, 0.068479461770378378)]
[(0, 0.92092646596625383), (1, 0.079073534033746146)]
[(0, 0.077165801604360137), (1, 0.92283419839563996)]
[(0, 0.058729291292235357), (1, 0.94127070870776464)]
[(0, 0.076834365452829637), (1, 0.92316563454717027)]
[(0, 0.066419793121806223), (1, 0.93358020687819376)]
[(0, 0.91751353126998969), (1, 0.082486468730010171)]
[(0, 0.055555418029111327), (1, 0.94444458197088865)]
[(0, 0.064999080557180969), (1, 0.93500091944281905)]
[(0, 0.90344377176097124), (1, 0.096556228239028818)]
[(0, 0.067585553390215311), (1, 0.93241444660978456)]
[(0, 0.93957725181766094), (1, 0.060422748182338989)]
[(0, 0.47453339904729525), (1, 0.5254666009527047)]
[(0, 0.92686600486506854), (1, 0.073133995134931448)]
[(0, 0.073878032849478914), (1, 0.9261219671505212)]
[(0, 0.93158676378479244), (1, 0.068413236215207521)]
[(0, 0.066393865370843463), (1, 0.93360613462915654)]
[(0, 0.93299585935486995), (1, 0.06700414064513005)]
[(0, 0.91229878309106816), (1, 0.087701216908931887)]
[(0, 0.89128695245107292), (1, 0.10871304754892708)]
[(0, 0.9272105928767097), (1, 0.07278940712329024)]

